StromalScore	ImmuneScore	ESTIMATEScore	TumorPurity
TCGA-3C-AALJ-01	400.983645667541	539.314963757117	940.298609424658	0.736434168785326
TCGA-3C-AALK-01	799.21506062815	-2.78477890624846	796.430281721902	0.750555554071404
TCGA-4H-AAAK-01	1075.22595607151	-46.2995004585305	1028.92645561298	0.727571024385156
TCGA-5L-AAT0-01	971.77273258872	666.208211099969	1637.98094368869	0.663414229924482
TCGA-5T-A9QA-01	-1672.89200589107	-810.735401678723	-2483.62740756979	0.971238171123779
TCGA-A1-A0SB-01	-387.886785841264	-1441.4632797019	-1829.35006554317	0.943929355516648
TCGA-A1-A0SD-01	770.656915826876	-118.0626550159	652.594260810976	0.764339162331679
TCGA-A1-A0SE-01	507.751270275193	-619.254988703562	-111.503718428369	0.831707804995351
TCGA-A1-A0SF-01	427.380410584735	279.550904162055	706.931314746791	0.759171832774003
TCGA-A1-A0SG-01	544.104634877688	29.7206318198818	573.82526669757	0.771743491059732
TCGA-A1-A0SH-01	1473.07487081311	-88.4058574537346	1384.66901335938	0.69077171155674
TCGA-A1-A0SI-01	1265.98211742126	529.821263419332	1795.8033808406	0.645903375486438
TCGA-A1-A0SJ-01	417.515395711748	-341.214581248955	76.3008144627937	0.816087862225297
TCGA-A1-A0SK-01	-1442.62137507884	-1722.8762194494	-3165.49759452824	0.990170050463977
TCGA-A1-A0SM-01	792.385243239734	-29.142945525265	763.242297714469	0.753765831466675
TCGA-A1-A0SN-01	772.893313173447	587.558915018037	1360.45222819148	0.693337680279002
TCGA-A1-A0SO-01	-1274.13429448698	-1028.71127604926	-2302.84557053624	0.96457831167243
TCGA-A1-A0SP-01	-215.968410100011	410.648898967161	194.68048886715	0.80592264577405
TCGA-A1-A0SQ-01	-233.628684881661	-308.06952531977	-541.698210201431	0.865087178277296
TCGA-A2-A04P-01	209.509568575972	611.876383247602	821.385951823573	0.748129852208718
TCGA-A2-A04Q-01	808.288296997763	2359.0510094522	3167.33930644996	0.480198025461371
TCGA-A2-A04T-01	-400.325951949508	531.718192500103	131.392240550595	0.811387652137999
TCGA-A2-A04U-01	-358.846074717569	-802.817880912659	-1161.66395563023	0.907093932375805
TCGA-A2-A04V-01	671.928734704016	-87.1214957508771	584.807238953138	0.770717346624424
TCGA-A2-A04W-01	520.947637458839	-192.610194642442	328.337442816397	0.794153260359581
TCGA-A2-A04X-01	121.550192319283	1133.04731371427	1254.59750603355	0.704450591725241
TCGA-A2-A04Y-01	252.916876554407	750.640165407684	1003.55704196209	0.730120713988828
TCGA-A2-A0CL-01	1291.41129762123	2347.55622927997	3638.96752690119	0.41837084891511
TCGA-A2-A0CM-01	534.913382378118	1126.94299524404	1661.85637762216	0.660787808476086
TCGA-A2-A0CO-01	1069.76645025083	1356.77212574563	2426.53857599646	0.572557108416776
TCGA-A2-A0CP-01	953.233495766139	-167.32184319635	785.911652569788	0.751574953990094
TCGA-A2-A0CQ-01	-297.418417200271	292.525748307209	-4.89266889306151	0.822917634529705
TCGA-A2-A0CR-01	970.961731370099	2460.05146504617	3431.01319641627	0.445897032460915
TCGA-A2-A0CS-01	504.065338624823	29.4649196090036	533.530258233826	0.775491416744629
TCGA-A2-A0CT-01	-370.423347681665	-614.248928607699	-984.672276289363	0.895853192778313
TCGA-A2-A0CU-01	114.17331594927	-650.75842914018	-536.58511319091	0.864710445950165
TCGA-A2-A0CV-01	750.434409776226	392.349280535702	1142.78369031193	0.716004342390773
TCGA-A2-A0CW-01	-638.183527295717	20.9157642863446	-617.267763009373	0.870598194999718
TCGA-A2-A0CX-01	894.950204948156	477.390683050088	1372.34088799824	0.692079071194659
TCGA-A2-A0CZ-01	1402.61105444304	583.896845278332	1986.50789972137	0.624282557540224
TCGA-A2-A0D0-01	-1119.96198599167	352.695357968681	-767.266628022985	0.881219082023906
TCGA-A2-A0D1-01	-437.156529200591	-889.300816503341	-1326.45734570393	0.917009714581554
TCGA-A2-A0D2-01	25.2917750334493	458.737637206266	484.029412239716	0.780058447398363
TCGA-A2-A0D3-01	-369.341177010218	-47.5638973661442	-416.905074376363	0.855753757547329
TCGA-A2-A0D4-01	-528.00645252355	-993.087658146895	-1521.09411067044	0.928029663077366
TCGA-A2-A0EM-01	586.860536542913	-359.456740862998	227.403795679915	0.80306964527902
TCGA-A2-A0EO-01	1154.7547074597	337.228114793638	1491.98282225334	0.679296330807074
TCGA-A2-A0EP-01	1868.59942350004	2698.09797273943	4566.69739623947	0.291190396010808
TCGA-A2-A0EQ-01	181.094550603116	1790.31962195793	1971.41417256105	0.626011835098147
TCGA-A2-A0ER-01	-325.628993765772	-293.509750171218	-619.138743936989	0.870733282750957
TCGA-A2-A0ES-01	963.331452292722	129.134765209714	1092.46621750244	0.721140916050118
TCGA-A2-A0ET-01	-835.247607017536	-57.9644164869159	-893.212023504452	0.889807103504568
TCGA-A2-A0EU-01	66.481959726954	-550.176422965642	-483.694463238688	0.860784928837147
TCGA-A2-A0EV-01	846.163729410251	511.648862534748	1357.812591945	0.693616842627376
TCGA-A2-A0EW-01	1269.88628985102	416.831423162658	1686.71771301368	0.658044307494026
TCGA-A2-A0EX-01	880.325796632054	-98.3607976673788	781.964998964675	0.751956976912384
TCGA-A2-A0EY-01	187.028800905277	317.481591597207	504.510392502485	0.778173819128259
TCGA-A2-A0ST-01	517.061839284284	2662.21742238244	3179.27926166673	0.478659936754423
TCGA-A2-A0SU-01	302.790323092388	-93.8300261478196	208.960296944569	0.804679935266824
TCGA-A2-A0SV-01	671.392172250387	721.242463149356	1392.63463539974	0.689925778648478
TCGA-A2-A0SW-01	649.427582686876	1168.60877462343	1818.0363573103	0.64340848892411
TCGA-A2-A0SX-01	769.752936435531	1404.7595771627	2174.51251359823	0.602488928213137
TCGA-A2-A0SY-01	1116.3932483564	639.924898413559	1756.31814676996	0.65031725964033
TCGA-A2-A0T0-01	224.411395051159	-42.4951100789771	181.916284972182	0.807030462735831
TCGA-A2-A0T1-01	1312.46926415614	1649.43686778511	2961.90613194125	0.506426647232933
TCGA-A2-A0T2-01	-39.6188061350645	-33.681289982022	-73.3000961170865	0.828581189857006
TCGA-A2-A0T3-01	-363.429900594379	-952.956459607935	-1316.38636020231	0.916419069318027
TCGA-A2-A0T4-01	1123.5296890401	576.872421649881	1700.40211068998	0.656530463434237
TCGA-A2-A0T5-01	226.728639156092	-411.867336145574	-185.138696989483	0.837660275484732
TCGA-A2-A0T6-01	1606.20594468378	844.562784174628	2450.76872885841	0.569637475417906
TCGA-A2-A0T7-01	616.464903463871	-73.2654401583264	543.199463305545	0.774594532234837
TCGA-A2-A0YC-01	587.735733399434	41.0757332295753	628.81146662901	0.766585571993799
TCGA-A2-A0YD-01	1402.87987326063	682.278100401884	2085.15797366251	0.612905208670862
TCGA-A2-A0YE-01	-156.600888047775	-684.310974398079	-840.911862445855	0.886277592701424
TCGA-A2-A0YF-01	26.742166287296	208.332494230655	235.074660517951	0.802398173209507
TCGA-A2-A0YG-01	-335.355684896042	-424.378452137475	-759.734137033517	0.880695878512628
TCGA-A2-A0YH-01	1041.47091225885	1153.06504741771	2194.53595967655	0.60014046589989
TCGA-A2-A0YI-01	988.51296540595	1265.42120243195	2253.9341678379	0.593143487303821
TCGA-A2-A0YJ-01	-745.22518340039	-807.597412428561	-1552.82259582895	0.929754492820473
TCGA-A2-A0YK-01	1198.81863065295	1563.83585566999	2762.65448632295	0.531426367630548
TCGA-A2-A0YL-01	790.370384727793	97.6305220137266	888.00090674152	0.741605773874175
TCGA-A2-A0YM-01	21.9764268741644	594.374377396393	616.350804270557	0.767758818855007
TCGA-A2-A0YT-01	-305.981206447652	-374.71203979725	-680.693246244902	0.875140930295203
TCGA-A2-A1FV-01	67.2515714958439	-1046.79331543648	-979.541743940637	0.895518297492646
TCGA-A2-A1FW-01	181.523199983648	-607.624039700555	-426.100839716906	0.856451358129461
TCGA-A2-A1FX-01	592.002594161126	98.0265460427212	690.029140203848	0.760784381370512
TCGA-A2-A1FZ-01	1028.80694690633	313.172067389049	1341.97901429538	0.695289181137185
TCGA-A2-A1G0-01	896.910391944131	301.986213930963	1198.89660587509	0.71023009596935
TCGA-A2-A1G1-01	785.493020385964	862.662288146661	1648.15530853263	0.662295991519857
TCGA-A2-A1G4-01	-508.76140608612	-337.485483087432	-846.246889173552	0.886640026414279
TCGA-A2-A1G6-01	468.29760394006	-36.4264252587642	431.871178681295	0.7848260881624
TCGA-A2-A259-01	611.777415821302	336.680448911045	948.457864732348	0.735623396509612
TCGA-A2-A25A-01	1312.57734519457	525.743326260015	1838.32067145458	0.641126293838925
TCGA-A2-A25B-01	527.804883120226	129.560477124361	657.365360244587	0.763887384263609
TCGA-A2-A25C-01	587.201011553178	-100.461035881463	486.739975671714	0.779809429953375
TCGA-A2-A25D-01	404.122191705525	1381.76576842028	1785.88796012581	0.64701382369628
TCGA-A2-A25E-01	-0.955536538921005	-532.548250069638	-533.503786608559	0.864483178968813
TCGA-A2-A25F-01	2005.28750903541	2968.89621124225	4974.18372027766	0.233481542049407
TCGA-A2-A3KC-01	1013.55908705824	207.707850130801	1221.26693718904	0.707914642396019
TCGA-A2-A3KD-01	92.5787018487965	-239.735091916259	-147.156390067463	0.834602056182096
TCGA-A2-A3XS-01	-30.8743632236616	189.236117416536	158.361754192875	0.809067341325838
TCGA-A2-A3XT-01	120.101887291209	1195.55510942582	1315.65699671703	0.698060989879779
TCGA-A2-A3XU-01	-1330.19641982222	-1103.26994844132	-2433.46636826354	0.969458640853531
TCGA-A2-A3XV-01	29.7176872208564	-72.1584146506537	-42.4407274297973	0.826036604919438
TCGA-A2-A3XW-01	486.863466854035	787.838091157112	1274.70155801115	0.702353016627613
TCGA-A2-A3XX-01	-76.9360928605432	180.59008600164	103.653993141097	0.813760835217602
TCGA-A2-A3XY-01	990.627209192052	950.552441936661	1941.17965112871	0.629466531245222
TCGA-A2-A3XZ-01	-122.426987891182	1343.80077626039	1221.37378836921	0.707903564368298
TCGA-A2-A3Y0-01	-537.911950449209	852.724259099726	314.812308650517	0.795358216023993
TCGA-A2-A4RW-01	596.608003180375	-74.9538665286646	521.654136651711	0.776590869821477
TCGA-A2-A4RX-01	962.946176869779	224.404905397145	1187.35108226692	0.711422127193713
TCGA-A2-A4RY-01	778.629256687355	183.941861381822	962.571118069176	0.734218494368799
TCGA-A2-A4S0-01	-638.124962730605	-715.482959207033	-1353.60792193764	0.918592059715492
TCGA-A2-A4S1-01	1468.20673527802	1482.64879311833	2950.85552839634	0.507824690047287
TCGA-A2-A4S2-01	552.713516168744	764.581219094497	1317.29473526324	0.697888833370543
TCGA-A2-A4S3-01	-162.922377472529	378.500280949184	215.577903476656	0.804102834131208
TCGA-A7-A0CD-01	-68.7252449437576	-732.940711717766	-801.665956661524	0.883594740606714
TCGA-A7-A0CE-01	-522.456970887062	-579.945093890828	-1102.40206477789	0.903398020733849
TCGA-A7-A0CG-01	1131.82911443224	839.029843657676	1970.85895808991	0.626075387078286
TCGA-A7-A0CH-01	239.578607876317	-494.876869501348	-255.298261625031	0.843240769139355
TCGA-A7-A0CJ-01	-564.260866042351	-528.0889579351	-1092.34982397745	0.902764316222549
TCGA-A7-A0D9-01	-5.56779716647047	-906.32004547291	-911.88784263938	0.891054757301267
TCGA-A7-A0DA-01	321.913413110974	-520.831713828466	-198.918300717492	0.838763335281508
TCGA-A7-A0DB-01	746.245878910051	218.015563977249	964.261442887301	0.734050019762826
TCGA-A7-A0DC-01	-1670.32722757382	-1606.60958224062	-3276.93680981444	0.992325445747014
TCGA-A7-A13D-01	-136.329551945684	-739.495332719	-875.824884664684	0.888639529996968
TCGA-A7-A13E-01	-317.406073233229	-875.48924420821	-1192.89531744144	0.909014097744468
TCGA-A7-A13F-01	-39.8360754579177	-273.419740685782	-313.2558161437	0.84778328450033
TCGA-A7-A13G-01	-295.839138391326	-854.947912779159	-1150.78705117049	0.906420721017808
TCGA-A7-A13H-01	635.621499177411	1037.8279844173	1673.44948359471	0.659509577509048
TCGA-A7-A26E-01	794.751288732361	-257.030900265239	537.720388467122	0.775102945378855
TCGA-A7-A26F-01	958.729771760916	725.714231617329	1684.44400337825	0.658295580812113
TCGA-A7-A26G-01	1545.35570190436	815.800741313874	2361.15644321823	0.58039913955518
TCGA-A7-A26H-01	899.655157326129	289.650897468922	1189.30605479505	0.711220427354451
TCGA-A7-A26I-01	783.231316237511	-68.904563290584	714.326752946927	0.758464802205389
TCGA-A7-A26J-01	660.422829809141	-88.563186578971	571.85964323017	0.771926945415164
TCGA-A7-A2KD-01	774.498769675862	556.904276102485	1331.40304577835	0.696404120658183
TCGA-A7-A3IY-01	762.821577884147	926.110405779499	1688.93198366365	0.657799532474614
TCGA-A7-A3IZ-01	-521.171591885907	-547.991221324756	-1069.16281321066	0.901295087510584
TCGA-A7-A3J0-01	-795.456777531664	-134.462210949786	-929.918988481451	0.892252989519203
TCGA-A7-A3J1-01	818.001963893153	1195.2368547191	2013.23881861225	0.621212501229451
TCGA-A7-A3RF-01	-385.134651644529	-913.225538913678	-1298.36019055821	0.915356867104109
TCGA-A7-A425-01	687.09302560058	436.052556612739	1123.14558221332	0.718013728197933
TCGA-A7-A426-01	603.568118544297	-53.4200952095642	550.148023334733	0.7739490423486
TCGA-A7-A4SA-01	697.512811696987	1056.35827242796	1753.87108412494	0.650590088844881
TCGA-A7-A4SB-01	56.7450811698447	-788.975439912105	-732.23035874226	0.878776339964519
TCGA-A7-A4SC-01	666.069841219235	110.036810700197	776.106651919432	0.752523580014785
TCGA-A7-A4SD-01	349.199783198709	828.320690627525	1177.52047382623	0.712435489499597
TCGA-A7-A4SE-01	614.849547922383	-143.063353128926	471.786194793457	0.781181683491847
TCGA-A7-A4SF-01	-307.142400020561	-189.392628537818	-496.535028558379	0.861742727188349
TCGA-A7-A56D-01	721.301642408012	555.242078888285	1276.5437212963	0.702160506606468
TCGA-A7-A5ZV-01	-434.563484859909	83.5143937131318	-351.049091146778	0.850712361169195
TCGA-A7-A5ZW-01	1177.26998837952	167.001507258368	1344.27149563789	0.695047282147844
TCGA-A7-A5ZX-01	672.890770258516	-512.413049038026	160.477721220491	0.808884758072859
TCGA-A7-A6VV-01	804.481693111959	490.995786519852	1295.47747963181	0.700178915021513
TCGA-A7-A6VW-01	-242.634554842803	272.520474694209	29.8859198514061	0.820006410347474
TCGA-A7-A6VX-01	472.034554439336	-298.480868680298	173.553685759037	0.80775472453668
TCGA-A7-A6VY-01	402.594094818271	928.503652638758	1331.09774745703	0.696436280899973
TCGA-A8-A06O-01	339.676738713189	-66.4667503082742	273.209988404915	0.799044898930183
TCGA-A8-A06P-01	1212.70426869851	11.6261026879157	1224.33037138643	0.707596965148881
TCGA-A8-A06Q-01	-1161.11497621491	-884.513475617966	-2045.62845183288	0.953933195122097
TCGA-A8-A06R-01	951.328022223323	448.338974622696	1399.66699684602	0.689178172132611
TCGA-A8-A06T-01	182.094763138431	-64.8177575940634	117.277005544368	0.812596983441864
TCGA-A8-A06U-01	-246.237245525634	100.609676181589	-145.627569344045	0.834478416434134
TCGA-A8-A06X-01	125.72094320554	13.1009800770357	138.821923282576	0.810749709987627
TCGA-A8-A06Y-01	-947.059179143729	-917.138889051922	-1864.19806819565	0.945605796443204
TCGA-A8-A06Z-01	-769.198657498175	-578.04755459202	-1347.2462120902	0.91822260492483
TCGA-A8-A075-01	475.098660497117	468.016402886131	943.115063383248	0.736154421545352
TCGA-A8-A076-01	727.78867424658	68.8006097876953	796.589284034276	0.75054013082484
TCGA-A8-A079-01	-427.540401362364	-244.034737286905	-671.575138649269	0.874492521850638
TCGA-A8-A07B-01	511.971560892195	-417.271863684871	94.6996972073241	0.814524053503783
TCGA-A8-A07C-01	-39.4353707469232	296.148422802976	256.713052056053	0.800498568740009
TCGA-A8-A07E-01	1311.11444131375	276.134894548679	1587.24933586243	0.668967877829007
TCGA-A8-A07F-01	321.867055856176	14.188291305499	336.055347161675	0.793464268393604
TCGA-A8-A07G-01	1092.66902335004	20.7723685483436	1113.44139189838	0.719004466577452
TCGA-A8-A07I-01	932.720953522613	322.24377594318	1254.96472946579	0.704412332075068
TCGA-A8-A07J-01	1648.87800226441	1074.68415808074	2723.56216034515	0.5362785312271
TCGA-A8-A07L-01	88.9014722986283	-833.748291596697	-744.846819298069	0.879658645731939
TCGA-A8-A07O-01	-411.490111637247	213.459711390417	-198.030400246829	0.838692362073328
TCGA-A8-A07P-01	367.7742638785	-55.2501240775289	312.524139800971	0.795561759317512
TCGA-A8-A07R-01	-784.337096631747	-653.542978158461	-1437.88007479021	0.923410434301007
TCGA-A8-A07S-01	35.6941853154238	-250.974920579878	-215.280735264454	0.840068694093054
TCGA-A8-A07U-01	730.251830230134	1860.13951819298	2590.39134842311	0.55267427812601
TCGA-A8-A07W-01	258.706458398042	99.5437883656293	358.250246763672	0.791477215347225
TCGA-A8-A07Z-01	-430.038496985902	101.145979891641	-328.892517094261	0.848998338834758
TCGA-A8-A082-01	177.900346724698	-82.0549182576729	95.8454284670253	0.814426475724053
TCGA-A8-A085-01	174.444523876142	-1062.60613681443	-888.161612938284	0.889468557493933
TCGA-A8-A086-01	773.329874156476	-385.848188634325	387.481685522151	0.788847384008951
TCGA-A8-A08B-01	-681.05307556336	46.1123864932299	-634.94068907013	0.871871587177063
TCGA-A8-A08C-01	-175.698082030858	-517.480735794155	-693.178817825014	0.876026263065517
TCGA-A8-A08G-01	278.134398958101	-9.42490515656628	268.709493801535	0.799441936670186
TCGA-A8-A08I-01	-48.4954526674665	1710.61507684595	1662.11962417849	0.660758804694719
TCGA-A8-A08J-01	561.031762958331	-87.4608856257873	473.570877332544	0.781018107400008
TCGA-A8-A08L-01	-13.0490420004101	486.614118165036	473.565076164626	0.781018639196186
TCGA-A8-A08O-01	358.333836333801	-876.272949897727	-517.939113563926	0.863332485645627
TCGA-A8-A08P-01	902.8059561844	1258.16479804327	2160.97075422767	0.604074232809918
TCGA-A8-A08T-01	250.662025477522	-382.742227942247	-132.080202464725	0.833380969821611
TCGA-A8-A08X-01	1001.58432230613	794.18722931083	1795.77155161695	0.645906942296519
TCGA-A8-A08Z-01	1469.42626336339	712.227568752481	2181.65383211587	0.601651950311605
TCGA-A8-A091-01	92.4555114599058	-352.531180943003	-260.075669483097	0.843617518626061
TCGA-A8-A092-01	34.7227353563699	-283.859420371584	-249.136685015215	0.842754250918674
TCGA-A8-A093-01	542.417358462619	-774.498045179534	-232.080686716915	0.841403914744406
TCGA-A8-A095-01	138.448318737351	-318.729884538195	-180.281565800844	0.837270644108999
TCGA-A8-A097-01	837.237746416917	110.290762432275	947.528508849192	0.735715798403881
TCGA-A8-A099-01	124.077432482786	-144.607199891071	-20.5297674082844	0.824219590177269
TCGA-A8-A09A-01	765.131938684386	-3.92001669234584	761.21192199204	0.753961650031544
TCGA-A8-A09B-01	324.722282969532	-403.14640880739	-78.4241258378578	0.829002059802874
TCGA-A8-A09C-01	30.3793329780804	-820.816487987364	-790.437155009284	0.882821739975036
TCGA-A8-A09D-01	1423.41627631894	480.077895940003	1903.49417225894	0.633755232665337
TCGA-A8-A09I-01	325.679200137482	590.199540100194	915.878740237676	0.738854415851473
TCGA-A8-A09M-01	85.9801366725213	643.803922949231	729.784059621753	0.756984142478753
TCGA-A8-A09N-01	186.74282959018	-284.459095910783	-97.7162663206028	0.830582440083764
TCGA-A8-A09Q-01	754.142452166411	935.354345125401	1689.49679729181	0.657737084417406
TCGA-A8-A09R-01	685.071674012571	547.197546813288	1232.26922082586	0.706773043043675
TCGA-A8-A09T-01	382.779232291463	-161.804720620149	220.974511671314	0.803631650814624
TCGA-A8-A09V-01	560.965967022721	-716.571683974565	-155.605716951843	0.835284617211023
TCGA-A8-A09X-01	948.886180078722	1204.03272762644	2152.91890770516	0.605015714011886
TCGA-A8-A0A1-01	1080.27420334034	1224.30511968713	2304.57932302747	0.587141965108594
TCGA-A8-A0A2-01	622.827925558415	159.276304245833	782.104229804248	0.751943504124656
TCGA-A8-A0A4-01	516.983669043046	-672.725458003937	-155.741788960891	0.83529559899096
TCGA-A8-A0A6-01	559.908015819514	1216.12996774293	1776.03798356245	0.64811558560006
TCGA-A8-A0A9-01	389.996834607636	-64.0988973212348	325.897937286401	0.794370827685951
TCGA-A8-A0AB-01	-284.349030014447	-1169.0700776992	-1453.41910771365	0.924283491823626
TCGA-A8-A0AD-01	868.83974727881	403.536370620933	1272.37611789974	0.702595956780483
TCGA-AC-A23C-01	644.727068126207	305.221765793539	949.948833919745	0.735475127199956
TCGA-AC-A23E-01	1573.89668574417	276.360290401308	1850.25697614548	0.639780678394958
TCGA-AC-A23G-01	1701.80856348414	542.078736402791	2243.88729988693	0.594330169314731
TCGA-AC-A23H-01	45.2870732835229	-630.428859513272	-585.14178622975	0.868268413829464
TCGA-AC-A2B8-01	1202.23859280222	623.704533146868	1825.94312594909	0.642519572961768
TCGA-AC-A2BK-01	-1449.79812860669	-1110.55451744343	-2560.35264605012	0.973858203753263
TCGA-AC-A2BM-01	-43.7238872409312	209.740405197491	166.016517956559	0.808406455141721
TCGA-AC-A2FB-01	790.181694351583	1924.89706049666	2715.07875484824	0.537329170403825
TCGA-AC-A2FE-01	1035.96707998982	1530.18634729274	2566.15342728256	0.555635873071493
TCGA-AC-A2FF-01	1597.84793808252	845.892589718564	2443.74052780108	0.570485088102211
TCGA-AC-A2FG-01	241.409955702485	-404.129598103377	-162.719642400892	0.835858304380878
TCGA-AC-A2FK-01	363.466258634048	1.47863277914931	364.944891413198	0.790876210683496
TCGA-AC-A2FM-01	-231.278097123509	-945.249512146903	-1176.52760927041	0.908010158923012
TCGA-AC-A2FO-01	1050.17442802009	1031.95902035432	2082.13344837442	0.61325595024139
TCGA-AC-A2QH-01	531.738586234942	-371.985086973393	159.753499261549	0.808947258757916
TCGA-AC-A2QI-01	872.846140890448	482.290918786761	1355.13705967721	0.693899694995405
TCGA-AC-A2QJ-01	1184.26221091563	1619.55499863318	2803.81720954881	0.52629831461081
TCGA-AC-A3BB-01	1188.96660960444	1243.49129695972	2432.45790656417	0.571844520781602
TCGA-AC-A3EH-01	90.6270221907066	-183.136626713464	-92.509604522757	0.830156574668613
TCGA-AC-A3HN-01	1367.63142661457	710.502861586542	2078.13428820111	0.613719530560028
TCGA-AC-A3OD-01	554.198840124762	1312.32030869167	1866.51914881643	0.637944234937871
TCGA-AC-A3QP-01	944.357077601249	780.017370330134	1724.37444793138	0.653872129061685
TCGA-AC-A3QQ-01	137.728261775001	373.490978629056	511.219240404057	0.777554951171692
TCGA-AC-A3TM-01	54.8758224979337	231.681385802622	286.557208300556	0.797865345001025
TCGA-AC-A3TN-01	-43.8540841401785	-370.515369411931	-414.36945355211	0.855561128345678
TCGA-AC-A3W5-01	1351.89832127937	1276.59504260451	2628.49336388388	0.54800452209502
TCGA-AC-A3W6-01	1451.56957628692	1071.24987149148	2522.81944777839	0.560913233814026
TCGA-AC-A3W7-01	476.934660829814	-340.523122157739	136.411538672075	0.810956780921464
TCGA-AC-A3YI-01	1059.21828744622	210.776550982744	1269.99483842896	0.702844645667705
TCGA-AC-A3YJ-01	-481.668320965479	281.726491533933	-199.941829431547	0.83884513208405
TCGA-AC-A4ZE-01	-177.93813141725	-517.450457900131	-695.388589317381	0.876182648187798
TCGA-AC-A5EH-01	883.61535531424	345.338484507937	1228.95383982218	0.707117241888566
TCGA-AC-A5XS-01	656.148737787223	1020.54563668911	1676.69437447633	0.659151460552459
TCGA-AC-A5XU-01	396.543272149775	-487.403456520659	-90.8601843708842	0.830021563468402
TCGA-AC-A62V-01	82.5462798591443	-286.78418269604	-204.237902836896	0.83918825255584
TCGA-AC-A62X-01	-1014.25353847129	-703.81224526715	-1718.06578373844	0.938410619848368
TCGA-AC-A62Y-01	478.305512876955	732.620043405266	1210.92555628222	0.708985983012499
TCGA-AC-A6IV-01	1705.06790190089	1314.90327687713	3019.97117877802	0.499058865534312
TCGA-AC-A6IW-01	-215.92582851608	1927.51290965099	1711.58708113491	0.655291152148863
TCGA-AC-A6IX-01	1055.64568144691	345.33635197387	1400.98203342078	0.689038289783423
TCGA-AC-A6NO-01	-222.842440821422	-685.691133187902	-908.533574009324	0.890831165648226
TCGA-AC-A7VB-01	-1048.15450971208	-1298.6267959809	-2346.78130569298	0.966259532437759
TCGA-AC-A8OP-01	380.331170788417	-211.947194286421	168.383976501995	0.808201850162867
TCGA-AC-A8OQ-01	807.12860277318	920.479128693999	1727.60773146718	0.653512964219397
TCGA-AC-A8OR-01	-1124.30562530153	-218.554437454261	-1342.8600627558	0.917967413978547
TCGA-AC-A8OS-01	1052.26990147415	555.800352513791	1608.07025398794	0.666693058631698
TCGA-AN-A04A-01	833.985816094911	-354.136452412649	479.849363682262	0.780442223275945
TCGA-AN-A04C-01	-486.654791550255	-158.082675591893	-644.737467142148	0.872574949853286
TCGA-AN-A04D-01	-1211.76719276966	-1237.47901812039	-2449.24621089005	0.970024122952249
TCGA-AN-A0AJ-01	162.948108014371	776.966441091657	939.914549106028	0.736472306227594
TCGA-AN-A0AK-01	-580.399445825744	-304.517397268167	-884.916843093911	0.889250791718423
TCGA-AN-A0AL-01	691.141735162981	646.309086635932	1337.45082179891	0.695766757438748
TCGA-AN-A0FD-01	856.063317657079	42.6272346980709	898.69055235515	0.740552241931642
TCGA-AN-A0FF-01	451.573482781916	470.20570072967	921.779183511585	0.738270493041282
TCGA-AN-A0FJ-01	66.8824601373688	-514.487796771788	-447.605336634419	0.85807661848402
TCGA-AN-A0FK-01	-117.074808691391	-487.333958447613	-604.408767139004	0.869667979350582
TCGA-AN-A0FL-01	-767.565078977778	-736.386755269726	-1503.9518342475	0.92708939317893
TCGA-AN-A0FN-01	2026.07600186448	1625.20031933908	3651.27632120356	0.416729104009329
TCGA-AN-A0FS-01	816.218732249251	-525.940382367482	290.278349881769	0.797535944820024
TCGA-AN-A0FT-01	615.705757362272	51.1174596105645	666.823216972836	0.762990707234
TCGA-AN-A0XL-01	1039.69137385932	-373.087627626897	666.603746232424	0.763011531409098
TCGA-AN-A0XO-01	171.638853108841	-1124.29163302902	-952.652779920176	0.893754819418233
TCGA-AN-A0XV-01	712.536464459021	7.73046179703613	720.266926256058	0.757896252877133
TCGA-AN-A0XW-01	1482.5924753024	1249.14367951515	2731.73615481755	0.535265424814217
TCGA-AO-A03L-01	623.965798574067	121.799891509342	745.765690083409	0.755449160126006
TCGA-AO-A03M-01	177.087622586116	933.531812439974	1110.61943502609	0.719292297362576
TCGA-AO-A03N-01	288.817268561046	-511.483521217222	-222.666252656176	0.840656307414521
TCGA-AO-A03O-01	-323.940578757832	332.320083232826	8.37950447499395	0.821809182271158
TCGA-AO-A03P-01	-49.6021128764024	-533.309904474963	-582.912017351365	0.86810599343916
TCGA-AO-A03R-01	-119.490162243181	593.390880648757	473.900718405575	0.780987869760208
TCGA-AO-A03T-01	-427.686107928125	27.5681214330872	-400.117986495038	0.854476250750705
TCGA-AO-A03U-01	1002.42316345446	1553.37575157332	2555.79891502778	0.556898933306153
TCGA-AO-A03V-01	-146.361738918524	-481.821077744777	-628.182816663301	0.871385352735764
TCGA-AO-A0J2-01	-416.707327248412	499.407777169272	82.7004499208594	0.815544601279503
TCGA-AO-A0J3-01	-1127.40433781193	-867.626093272046	-1995.03043108397	0.951678602062182
TCGA-AO-A0J4-01	50.9245069467099	825.662172075959	876.586679022669	0.742728702112964
TCGA-AO-A0J5-01	1245.99430159223	-192.053786951725	1053.9405146405	0.725047169929764
TCGA-AO-A0J6-01	-825.96039256847	751.249653680511	-74.7107388879591	0.828697101908863
TCGA-AO-A0J7-01	-523.981482706905	-953.222811339859	-1477.20429404676	0.925610542550153
TCGA-AO-A0J8-01	334.18330901814	274.361957340368	608.545266358508	0.768492449353875
TCGA-AO-A0J9-01	1349.11897703422	1229.98501033657	2579.1039873708	0.554054336360108
TCGA-AO-A0JA-01	1130.93437206511	314.09672638644	1445.03109845155	0.684337925897809
TCGA-AO-A0JB-01	154.232099265807	60.247719635554	214.479818901361	0.804198647233428
TCGA-AO-A0JC-01	648.942367043651	3457.32028353027	4106.26265057392	0.355133993793515
TCGA-AO-A0JD-01	-881.96493350328	-70.2240901911602	-952.18902369444	0.893724282343155
TCGA-AO-A0JE-01	1378.2370691368	1231.57843158829	2609.81550072509	0.550295818787584
TCGA-AO-A0JF-01	1594.6808230765	594.854778459272	2189.53560153577	0.600727422501612
TCGA-AO-A0JG-01	545.308627859193	688.989268300573	1234.29789615977	0.706562345869586
TCGA-AO-A0JI-01	-668.227152048641	-625.856888063828	-1294.08404011247	0.915103951774939
TCGA-AO-A0JJ-01	1264.01855574295	1153.79287155357	2417.81142729652	0.573606921419904
TCGA-AO-A0JL-01	-108.075877564185	-571.326998095026	-679.402875659211	0.875049264443912
TCGA-AO-A0JM-01	603.757499821195	-47.9193579255495	555.838141895645	0.773419856331019
TCGA-AO-A124-01	-910.507243386589	-268.244828941671	-1178.75207232826	0.908146907715665
TCGA-AO-A125-01	-1527.69838358061	-883.562570868643	-2411.26095444925	0.968654084850243
TCGA-AO-A126-01	1027.34922542373	56.7440829549062	1084.09330837864	0.721991839951258
TCGA-AO-A128-01	527.220053140364	2693.91789069716	3221.13794383752	0.473256176945933
TCGA-AO-A129-01	83.4996869381594	963.350190215995	1046.84987715415	0.725763591279652
TCGA-AO-A12A-01	635.867190917839	75.5471616909683	711.414352608808	0.758743344916703
TCGA-AO-A12B-01	-626.762231518803	-531.945062497881	-1158.70729401668	0.906911162561168
TCGA-AO-A12D-01	1029.21621666052	1181.5115209046	2210.72773756512	0.598237610891199
TCGA-AO-A12E-01	415.675155759773	224.034860005755	639.710015765528	0.765557304899206
TCGA-AO-A12F-01	401.381159010739	-658.357231435264	-256.976072424525	0.843373129643005
TCGA-AO-A12G-01	598.048831014053	-146.564116594477	451.484714419577	0.783038650897671
TCGA-AO-A12H-01	-263.970446322919	-335.129111315761	-599.09955763868	0.869283008892719
TCGA-AO-A1KO-01	244.686579813151	-481.22512753691	-236.538547723759	0.841757356372425
TCGA-AO-A1KP-01	-563.410199626066	-1085.30846839695	-1648.71866802302	0.934844871382408
TCGA-AO-A1KQ-01	140.535117016259	483.458070610902	623.993187627162	0.767039546484335
TCGA-AO-A1KR-01	-1109.64287547831	-109.548943399631	-1219.19181887794	0.910616044928473
TCGA-AO-A1KS-01	181.470339117698	-313.8569708239	-132.386631706203	0.833405829521163
TCGA-AO-A1KT-01	563.999839935021	-5.56649494184113	558.43334499318	0.773178320980695
TCGA-AQ-A04H-01	-261.755391046021	-655.369458281016	-917.124849327037	0.891403418152032
TCGA-AQ-A04J-01	826.737416003003	1320.58075280625	2147.31816880925	0.60567009533235
TCGA-AQ-A0Y5-01	1024.23527578199	-118.610170665429	905.62510511656	0.739867822819558
TCGA-AQ-A1H2-01	-359.578665935865	-191.212384468957	-550.791050404821	0.865755933554002
TCGA-AQ-A1H3-01	715.596828354631	124.201730340731	839.798558695362	0.746333701055406
TCGA-AQ-A54N-01	-1595.08894231752	-461.908491282827	-2056.99743360034	0.954432548798313
TCGA-AQ-A54O-01	-285.003867998093	23.3066440993999	-261.697223898694	0.8437453011636
TCGA-AQ-A7U7-01	1583.57356882804	2151.16527729173	3734.73884611978	0.405561272692587
TCGA-AR-A0TQ-01	120.77280235472	606.450743322171	727.223545676891	0.757229684337911
TCGA-AR-A0TR-01	-1356.52349847304	-554.058650459426	-1910.58214893247	0.947798813937404
TCGA-AR-A0TS-01	557.410560753026	1649.8122191272	2207.22277988022	0.598649799888573
TCGA-AR-A0TT-01	1170.10580558815	2091.28482931135	3261.3906348995	0.468042888787238
TCGA-AR-A0TU-01	-854.872789100155	560.731728435827	-294.141060664329	0.846291900504895
TCGA-AR-A0TV-01	-377.859427299748	691.324849898765	313.465422599017	0.795478038686432
TCGA-AR-A0TW-01	-3.21458668892829	673.952891072873	670.738304383945	0.762619096587238
TCGA-AR-A0TX-01	795.847462388814	1185.89139535701	1981.73885774583	0.624829274844908
TCGA-AR-A0TY-01	-543.000085119118	-705.637894206464	-1248.63797932558	0.91239376102269
TCGA-AR-A0TZ-01	-7.0380994079267	-563.781124874103	-570.81922428203	0.867223513163913
TCGA-AR-A0U0-01	-21.5673380227491	1216.86085420775	1195.293516185	0.710602320350046
TCGA-AR-A0U2-01	-405.983946863526	-73.4593723524761	-479.443319216002	0.860467155209331
TCGA-AR-A0U4-01	518.946054278395	1741.73650248805	2260.68255676644	0.592345679468287
TCGA-AR-A1AI-01	-412.938130475575	1269.22122738307	856.283096907496	0.744721007313189
TCGA-AR-A1AJ-01	1167.28639258304	2172.53059249512	3339.81698507815	0.457838809512473
TCGA-AR-A1AK-01	950.802884282179	1101.44808844526	2052.25097272744	0.616714788388714
TCGA-AR-A1AL-01	891.481295069716	37.8947469318413	929.376042001557	0.73751787319793
TCGA-AR-A1AM-01	572.326535634754	86.5043527161007	658.830888350855	0.763748537360189
TCGA-AR-A1AN-01	1044.68926990059	70.173309120112	1114.8625790207	0.718859463216166
TCGA-AR-A1AO-01	1555.16770151636	2293.23683829603	3848.40453981239	0.390254486671136
TCGA-AR-A1AP-01	466.004361751552	363.022862963067	829.027224714619	0.747385108111017
TCGA-AR-A1AQ-01	275.631647954498	1396.99837312758	1672.63002108208	0.659599992457908
TCGA-AR-A1AR-01	952.266644377981	1317.30471470811	2269.57135908609	0.591293940856382
TCGA-AR-A1AS-01	-83.9241053939837	-367.091950524366	-451.01605591835	0.858333607630203
TCGA-AR-A1AT-01	367.455199486786	1186.13664518974	1553.59184467653	0.67263195104794
TCGA-AR-A1AU-01	468.483638476978	-424.105401108267	44.3782373687113	0.818786984100729
TCGA-AR-A1AV-01	162.877181222531	-364.32753782027	-201.450356597739	0.838965653731401
TCGA-AR-A1AW-01	1083.12840568053	2631.31766567191	3714.44607135244	0.408282243512689
TCGA-AR-A1AX-01	838.465281571346	1668.13350892235	2506.5987904937	0.562882814986677
TCGA-AR-A1AY-01	-229.118517082889	-532.432945960838	-761.551463043727	0.880822207748724
TCGA-AR-A24K-01	-262.036836029908	-994.433506445723	-1256.47034247563	0.912863745784216
TCGA-AR-A24L-01	894.899657034013	-426.937204286223	467.96245274779	0.781531970244123
TCGA-AR-A24N-01	446.36523938209	-316.239419638669	130.12581974342	0.811496295824746
TCGA-AR-A24O-01	1542.35415636873	603.233545039833	2145.58770140856	0.605872197598973
TCGA-AR-A24P-01	806.572106210689	-163.935101396289	642.6370048144	0.765280812571718
TCGA-AR-A24Q-01	688.827511053066	343.724958657585	1032.55246971065	0.727205775946842
TCGA-AR-A24R-01	200.605077380067	97.2332712580346	297.838348638102	0.796865991440043
TCGA-AR-A24S-01	1387.61128875727	1154.09424400454	2541.70553276181	0.558615999199019
TCGA-AR-A24T-01	1403.13581216728	227.418914202087	1630.55472636937	0.664229492423657
TCGA-AR-A24U-01	1142.74565592276	1379.86148584027	2522.60714176303	0.56093903347543
TCGA-AR-A24V-01	1471.12192087557	401.789444830506	1872.91136570607	0.637221383214952
TCGA-AR-A24W-01	623.706297523012	-634.528282543768	-10.8219850207557	0.823411824177146
TCGA-AR-A24X-01	426.631329315042	-357.220054783081	69.4112745319607	0.816671905865626
TCGA-AR-A24Z-01	-235.714005599819	-399.987714541321	-635.701720141139	0.871926290245224
TCGA-AR-A250-01	1184.70422415183	469.814976264566	1654.5192004164	0.661595801327021
TCGA-AR-A251-01	8.33316283843307	-284.994041990257	-276.660879151824	0.844922217711983
TCGA-AR-A252-01	1176.60771219482	1905.92385732417	3082.53156951899	0.491080118933894
TCGA-AR-A254-01	1143.93028163463	1026.56466569689	2170.49494733152	0.60295950469053
TCGA-AR-A255-01	1051.54868076707	412.72467257127	1464.27335333834	0.682275643225508
TCGA-AR-A256-01	-226.993303141567	-96.6255308474062	-323.618833988973	0.848589045331167
TCGA-AR-A2LH-01	651.292551694306	1529.42867613384	2180.72122782815	0.601761291092851
TCGA-AR-A2LJ-01	996.132550264518	1370.98670546725	2367.11925573177	0.579686155438341
TCGA-AR-A2LK-01	375.362163389737	-51.555906469858	323.806256919879	0.794557293110726
TCGA-AR-A2LM-01	1094.08142330656	11.2493758782695	1105.33079918483	0.71983138926234
TCGA-AR-A2LN-01	1349.48270065475	341.468827569955	1690.9515282247	0.657576222721141
TCGA-AR-A2LO-01	731.282904712231	794.917150948782	1526.20005566101	0.675601803907002
TCGA-AR-A2LQ-01	1686.84652777669	266.208782522567	1953.05531029926	0.628111054020566
TCGA-AR-A5QM-01	788.463610395798	554.83114566073	1343.29475605653	0.695150355781527
TCGA-AR-A5QN-01	525.947793106911	166.962915712061	692.910708818973	0.760509796756312
TCGA-AR-A5QP-01	440.044001103397	-260.940959497999	179.103041605398	0.807274245824105
TCGA-AR-A5QQ-01	309.134127566241	1737.46012756105	2046.59425512729	0.617368208713945
TCGA-B6-A0I1-01	-1312.94222882883	-909.103083252049	-2222.04531208088	0.961381769962651
TCGA-B6-A0I6-01	171.446383996831	-578.381312250392	-406.934928253561	0.854995649947038
TCGA-B6-A0I8-01	86.9108910610905	-890.732036706607	-803.821145645516	0.883742831200664
TCGA-B6-A0I9-01	-502.217252740078	-185.53917041212	-687.756423152198	0.875642130645574
TCGA-B6-A0IC-01	-1668.44295129358	-858.354321444515	-2526.7972727381	0.972727525277697
TCGA-B6-A0IE-01	-69.0504198407958	-644.772622409496	-713.823042250292	0.877483657130148
TCGA-B6-A0IH-01	882.548328571885	390.795551770619	1273.3438803425	0.702494863989121
TCGA-B6-A0IK-01	-196.606309039489	-185.558956390038	-382.165265429526	0.853104297505186
TCGA-B6-A0IN-01	882.682074100413	945.723788591448	1828.40586269186	0.642242523733609
TCGA-B6-A0RG-01	-47.5875285196764	-841.497238279043	-889.084766798719	0.889530476118973
TCGA-B6-A0RL-01	-2162.0860174476	-1182.00751753967	-3344.09353498727	0.993496166728002
TCGA-B6-A0RM-01	-562.655120757482	-822.31797759325	-1384.97309835073	0.920401868266295
TCGA-B6-A0RP-01	832.825556647127	192.294013673737	1025.11957032086	0.727954270181311
TCGA-B6-A0RS-01	164.181333478961	493.811269744383	657.992603223344	0.763827962404836
TCGA-B6-A0RT-01	818.653433942175	2814.05079505784	3632.70422900002	0.419205722569735
TCGA-B6-A0WS-01	806.902293548418	844.403188630138	1651.30548217856	0.661949464382207
TCGA-B6-A0WV-01	-804.74933333951	-1349.46809390991	-2154.21742724942	0.958593996854625
TCGA-B6-A0WW-01	213.285924762712	-565.835478928039	-352.549554165327	0.850828111170348
TCGA-B6-A0WX-01	914.701577789322	301.973200099367	1216.67477788869	0.708390579857026
TCGA-B6-A0WY-01	520.428961841959	-60.6011570821556	459.827804759803	0.782276352845863
TCGA-B6-A0X4-01	-1443.71798452472	-1324.2991882985	-2768.01717282322	0.980329074742617
TCGA-B6-A0X5-01	-557.774455501127	-764.830685481537	-1322.60514098266	0.916784026272727
TCGA-B6-A0X7-01	622.514407437318	-603.101554027738	19.41285340958	0.820885335452869
TCGA-B6-A1KC-01	-379.086189904862	-722.311311540302	-1101.39750144516	0.903334780374259
TCGA-B6-A1KF-01	-319.017844923741	-1232.91928229632	-1551.93712722006	0.929706630199282
TCGA-B6-A1KI-01	560.140962476055	-789.788544971211	-229.647582495156	0.841210854017746
TCGA-B6-A3ZX-01	104.243666561578	2097.25644081536	2201.50010737694	0.59932245530183
TCGA-B6-A400-01	261.465232282977	396.467546692444	657.93277897542	0.76383363013385
TCGA-B6-A401-01	344.486584870116	431.534846288911	776.021431159027	0.752531818225293
TCGA-B6-A402-01	-527.613489190561	-821.481797694128	-1349.09528688469	0.918330072063415
TCGA-B6-A408-01	574.895628669884	798.041580834231	1372.93720950412	0.6920158852674
TCGA-B6-A409-01	-336.174716060039	-100.270263173651	-436.44497923369	0.857234210565602
TCGA-B6-A40B-01	312.899196773532	-221.564602136989	91.3345946365435	0.814810513883142
TCGA-B6-A40C-01	706.516824185314	102.515461208108	809.032285393422	0.749331890701193
TCGA-BH-A0AU-01	626.687276180935	18.8698811081531	645.557157289088	0.765004825273557
TCGA-BH-A0AV-01	1114.04404434499	51.3139014182054	1165.3579457632	0.713687178250518
TCGA-BH-A0AW-01	960.127845283624	1754.07447490741	2714.20232019104	0.537437666215363
TCGA-BH-A0AY-01	1291.72898610629	577.778044423443	1869.50703052974	0.637606425871473
TCGA-BH-A0AZ-01	1606.37273594818	148.076595241429	1754.44933118961	0.650525626189829
TCGA-BH-A0B0-01	1097.45777062411	736.789429849478	1834.24720047359	0.641585058202668
TCGA-BH-A0B1-01	505.893445493699	-362.238866611489	143.65457888221	0.810334241276708
TCGA-BH-A0B2-01	1461.11348785542	1289.47381776811	2750.58730562353	0.532926028092205
TCGA-BH-A0B3-01	444.855570931634	771.126494695001	1215.98206562663	0.708462345537812
TCGA-BH-A0B4-01	1008.90087149125	209.699128175873	1218.59999966712	0.708191086499195
TCGA-BH-A0B5-01	550.699825563824	212.436813102237	763.136638666062	0.753776023352024
TCGA-BH-A0B7-01	914.701606214693	1102.55633887488	2017.25794508957	0.62075007472498
TCGA-BH-A0B8-01	91.4787022505855	-524.699566864461	-433.220864613875	0.856990419010775
TCGA-BH-A0B9-01	-873.95659214421	1071.83409797539	197.877505831176	0.80564473053234
TCGA-BH-A0BA-01	408.408583877693	-82.8279600650337	325.580623812659	0.794399119805633
TCGA-BH-A0BC-01	987.722197322594	1017.95282952612	2005.67502684871	0.622082177938121
TCGA-BH-A0BD-01	627.989053736002	559.555317301907	1187.54437103791	0.711402187674449
TCGA-BH-A0BF-01	1680.84366075549	1895.26080527647	3576.10446603196	0.426734099790089
TCGA-BH-A0BG-01	-87.1095951031869	1022.09221623339	934.9826211302	0.736961841854565
TCGA-BH-A0BJ-01	785.787820189931	132.708197084655	918.496017274586	0.73859547186104
TCGA-BH-A0BL-01	1424.4196222348	1149.04949125567	2573.46911349047	0.554742719784636
TCGA-BH-A0BM-01	661.588721399647	-353.814789286806	307.773932112841	0.795984025866945
TCGA-BH-A0BO-01	1221.14848379	642.112932589853	1863.26141637986	0.638312413410441
TCGA-BH-A0BP-01	1088.28648695832	-199.915455217815	888.371031740504	0.741569326224499
TCGA-BH-A0BQ-01	1019.97876318421	452.678559230853	1472.65732241506	0.681375390493578
TCGA-BH-A0BR-01	1297.87141721806	548.298661060392	1846.17007827845	0.640241627976329
TCGA-BH-A0BS-01	-555.549839509013	-551.372611744737	-1106.92245125375	0.9036823499094
TCGA-BH-A0BT-01	232.118339428386	-79.6696538394226	152.448685588964	0.809577156239354
TCGA-BH-A0BV-01	828.222802577993	568.991222102819	1397.21402468081	0.689439029712083
TCGA-BH-A0BW-01	160.492430713314	1338.30193169657	1498.79436240988	0.6785622336456
TCGA-BH-A0BZ-01	1147.81068017348	1225.61354896403	2373.42422913751	0.578931775491168
TCGA-BH-A0C0-01	185.519413729791	1817.86201878466	2003.38143251445	0.622345741493918
TCGA-BH-A0C1-01	627.540707522053	271.822443606214	899.363151128267	0.740485892084804
TCGA-BH-A0C3-01	1307.24177217797	638.982558894715	1946.22433107268	0.628890969394743
TCGA-BH-A0C7-01	62.6741057985543	-118.979940621847	-56.3058348232925	0.827181986386017
TCGA-BH-A0DD-01	-174.548474442089	-400.265720964412	-574.814195406501	0.867515351442729
TCGA-BH-A0DE-01	1012.193552316	444.063835529967	1456.25738784597	0.683135414237096
TCGA-BH-A0DG-01	1304.15366282865	581.322195610665	1885.47585843932	0.63579891685481
TCGA-BH-A0DH-01	-13.2632985806335	-97.7917224602332	-111.055021040867	0.831671234841565
TCGA-BH-A0DI-01	1489.0971902951	525.236349664137	2014.33353995923	0.621086567874693
TCGA-BH-A0DK-01	1290.52333103414	1415.13067400134	2705.65400503548	0.538495414563738
TCGA-BH-A0DL-01	-22.8096370644805	1372.5017980652	1349.69216100072	0.694474989122192
TCGA-BH-A0DO-01	28.2814360955952	-636.517724622128	-608.236288526533	0.869945185053071
TCGA-BH-A0DP-01	824.15910966013	437.533212195896	1261.69232185603	0.70371104701155
TCGA-BH-A0DQ-01	1306.32965558177	-33.5590490098525	1272.77060657191	0.702554750072355
TCGA-BH-A0DS-01	647.815286388982	494.165795034559	1141.98108142354	0.71608658265589
TCGA-BH-A0DT-01	627.78594660484	214.310095977572	842.096042582412	0.746109198485696
TCGA-BH-A0DV-01	1790.6713260456	386.212113841519	2176.88343988712	0.602211123916817
TCGA-BH-A0DX-01	1233.7867120172	706.796374513744	1940.58308653094	0.629534572176977
TCGA-BH-A0DZ-01	1133.94073002386	560.329399895621	1694.27012991949	0.657209145125597
TCGA-BH-A0E0-01	-869.264284936236	-199.417567331394	-1068.68185226763	0.901264501165224
TCGA-BH-A0E1-01	89.2546890062113	-664.21494728477	-574.960258278559	0.867526015889281
TCGA-BH-A0E2-01	557.468808838056	-269.786082406312	287.682726431744	0.797765737813189
TCGA-BH-A0E6-01	-197.261587125654	264.567266341327	67.3056792156729	0.816850235866065
TCGA-BH-A0E7-01	-79.5641197924753	-852.655279286468	-932.219399078943	0.892405410371429
TCGA-BH-A0E9-01	236.598654967488	-93.0739465409317	143.524708426557	0.810345411715302
TCGA-BH-A0EA-01	799.962025939477	-96.1943166105909	703.767709328886	0.759474011699741
TCGA-BH-A0EB-01	1143.02497612742	1037.58073924141	2180.60571536883	0.601774833267969
TCGA-BH-A0EE-01	-1287.08088725255	148.787683942797	-1138.29320330975	0.905644579869698
TCGA-BH-A0EI-01	807.844913231314	-666.97935322985	140.865560001464	0.810574066066372
TCGA-BH-A0GY-01	286.384010155263	160.532918504782	446.916928660045	0.783455506513231
TCGA-BH-A0GZ-01	526.460159781888	-448.498929591087	77.9612301908009	0.81594697976606
TCGA-BH-A0H0-01	-561.218541435672	-697.484508924884	-1258.70305036056	0.912997499526141
TCGA-BH-A0H3-01	1029.41151181549	179.015228798232	1208.42674061372	0.709244608945372
TCGA-BH-A0H5-01	718.434562594254	2757.04792338182	3475.48248597608	0.440044843892769
TCGA-BH-A0H6-01	532.478418234523	-613.54668230805	-81.0682640735267	0.829219056671185
TCGA-BH-A0H7-01	663.080457489725	-331.065318426558	332.015139063167	0.793825072509651
TCGA-BH-A0H9-01	-250.46625862805	-603.026905744161	-853.493164372211	0.887131429428171
TCGA-BH-A0HA-01	1253.39430800388	578.954826407768	1832.34913441165	0.641798744757042
TCGA-BH-A0HB-01	303.785920429819	613.842049881514	917.627970311333	0.738681365394309
TCGA-BH-A0HF-01	969.108194892656	535.20470104977	1504.31289594243	0.677966989661267
TCGA-BH-A0HI-01	549.616838895538	-47.7085513359199	501.908287559618	0.778413651201328
TCGA-BH-A0HK-01	641.233248955987	5.87295328892902	647.106202244916	0.764858366018015
TCGA-BH-A0HL-01	-1094.77671872681	-1480.77245969026	-2575.54917841707	0.974362493276299
TCGA-BH-A0HN-01	-960.054232881877	-429.01983526016	-1389.07406814204	0.920637057774395
TCGA-BH-A0HO-01	303.454747391203	409.191749688931	712.646497080133	0.758625519225504
TCGA-BH-A0HP-01	663.327553027106	137.735938908638	801.063491935743	0.750105964443185
TCGA-BH-A0HQ-01	523.162520912507	-418.741822136172	104.420698776335	0.813695419799032
TCGA-BH-A0HU-01	-495.339169436116	-541.712217710031	-1037.05138714615	0.899243130902589
TCGA-BH-A0HW-01	-1235.51133628384	-1361.01911158927	-2596.53044787312	0.975050777990493
TCGA-BH-A0HX-01	505.254164481648	-235.357670271185	269.896494210464	0.799337252278906
TCGA-BH-A0HY-01	234.254121263791	-794.467935035818	-560.213813772026	0.866447326534991
TCGA-BH-A0RX-01	1073.65714729759	1719.63137483833	2793.28852213592	0.527611814990205
TCGA-BH-A0W3-01	-605.20700573864	-309.182026715574	-914.389032454213	0.891221343120223
TCGA-BH-A0W4-01	432.275927445156	-710.076574617154	-277.800647171997	0.845011695374911
TCGA-BH-A0W5-01	878.084471549708	1607.33636651679	2485.4208380665	0.565449527323609
TCGA-BH-A0W7-01	1059.85859915906	1148.36633003524	2208.22492919431	0.598531961593029
TCGA-BH-A0WA-01	-18.5970525686613	-188.833841365284	-207.430893933945	0.839443055434493
TCGA-BH-A18F-01	872.166609278471	227.165002586761	1099.33161186523	0.720442385357298
TCGA-BH-A18G-01	-0.630832507982091	-64.4475778766853	-65.0784103846674	0.827904909870635
TCGA-BH-A18H-01	396.032535358778	1234.12455904965	1630.15709440843	0.664273122868384
TCGA-BH-A18I-01	1313.84839483418	691.299988733912	2005.1483835681	0.62214270227764
TCGA-BH-A18J-01	523.958551549104	-336.220973928574	187.73757762053	0.806525578576504
TCGA-BH-A18K-01	546.25164551876	-350.290330940462	195.961314578298	0.805811325479271
TCGA-BH-A18L-01	-814.100381540715	-684.927423456273	-1499.02780499699	0.926818220067356
TCGA-BH-A18M-01	963.503553956177	-21.4649292222556	942.038624733922	0.736261354799212
TCGA-BH-A18N-01	-87.2069921866007	-499.367470302669	-586.57446248927	0.868372723473084
TCGA-BH-A18P-01	209.225086737913	-135.992697108945	73.2323896289683	0.816348083442108
TCGA-BH-A18Q-01	-87.3141009078507	216.181090673765	128.866989765914	0.811604260518059
TCGA-BH-A18R-01	-371.275536568495	-215.084699019523	-586.360235588017	0.868357128579837
TCGA-BH-A18S-01	-555.537083744744	-411.906331491423	-967.443415236167	0.894726568940878
TCGA-BH-A18T-01	-507.795593839591	-227.646658805983	-735.442252645574	0.879001243140987
TCGA-BH-A18U-01	322.54573109248	-1.44960489410802	321.096126198372	0.79479877965508
TCGA-BH-A18V-01	591.587385078096	760.87554214542	1352.46292722352	0.694182292432867
TCGA-BH-A1EN-01	177.399920052869	-541.967557144454	-364.567637091585	0.85175373070102
TCGA-BH-A1EO-01	1697.43975467005	625.710946269666	2323.15070093972	0.584933081990851
TCGA-BH-A1ES-01	299.04649705254	-1040.25851867995	-741.212021627407	0.879404763018824
TCGA-BH-A1ET-01	511.086603609108	-79.5928300345386	431.49377357457	0.784860418417782
TCGA-BH-A1EU-01	1411.9760441533	1291.73173022906	2703.70777438237	0.538736118119505
TCGA-BH-A1EV-01	413.946560123141	-671.722463549063	-257.775903425922	0.843436209356691
TCGA-BH-A1EW-01	338.817462043567	389.762360571168	728.579822614735	0.75709963675495
TCGA-BH-A1EX-01	923.206173534286	423.408734214521	1346.61490774881	0.694799927676366
TCGA-BH-A1EY-01	1215.04007943086	980.212376538035	2195.2524559689	0.600056334987329
TCGA-BH-A1F0-01	1310.53592526672	1972.26621501018	3282.8021402769	0.465263129279572
TCGA-BH-A1F2-01	990.554836156451	-195.209011225818	795.345824930633	0.750660735627714
TCGA-BH-A1F5-01	4.510182872103	-713.753434024433	-709.24325115233	0.877161038481256
TCGA-BH-A1F6-01	269.157386123627	736.43837198035	1005.59575810398	0.729916191579729
TCGA-BH-A1F8-01	168.206892672738	-398.457004504739	-230.250111832001	0.841258673208586
TCGA-BH-A1FC-01	-281.446724671402	963.502189359013	682.055464687611	0.761543483160098
TCGA-BH-A1FD-01	459.878853649761	-169.441843458581	290.43701019118	0.797521894718039
TCGA-BH-A1FE-01	1043.1681738457	950.872101811831	1994.04027565753	0.623418431827695
TCGA-BH-A1FH-01	1601.89900057043	-116.113830716015	1485.78516985442	0.679963677676808
TCGA-BH-A1FJ-01	-493.582090506778	-983.641838794283	-1477.22392930106	0.925611633404231
TCGA-BH-A1FL-01	8.75662625823424	-599.891087143789	-591.134460885554	0.868704470097225
TCGA-BH-A1FM-01	656.528861260988	-471.78524263448	184.743618626508	0.806785319988624
TCGA-BH-A1FN-01	214.285811206943	-387.044123398586	-172.758312191643	0.836666300529903
TCGA-BH-A1FR-01	-158.866463826267	139.033905743093	-19.8325580831736	0.824161632487966
TCGA-BH-A1FU-01	1091.32222029503	361.159347777397	1452.48156807242	0.683540070955437
TCGA-BH-A201-01	778.793285261418	-511.580168412556	267.213116848863	0.799573871131783
TCGA-BH-A202-01	351.141022915232	514.877936543676	866.018959458907	0.743766492414245
TCGA-BH-A203-01	184.021079153522	475.989264522235	660.010343675757	0.763636767863641
TCGA-BH-A204-01	152.80837055463	-848.678109932633	-695.869739378002	0.876216686868058
TCGA-BH-A208-01	2049.59159738223	186.638774972934	2236.23037235516	0.595233696588831
TCGA-BH-A28O-01	1061.40603433993	-13.1984117704453	1048.20762256948	0.725626468710728
TCGA-BH-A28Q-01	326.070291294332	-284.525058703452	41.5452325908798	0.819025653003196
TCGA-BH-A2L8-01	831.146666388389	1514.22496150146	2345.37162788985	0.582284410099227
TCGA-BH-A42T-01	236.907634761675	257.268128071499	494.175762833174	0.77912567600037
TCGA-BH-A42U-01	644.730440612819	716.341118867511	1361.07155948033	0.693272166033286
TCGA-BH-A42V-01	697.286858253673	265.775197012182	963.062055265855	0.734169567335508
TCGA-BH-A5IZ-01	-571.338652122123	-223.195730274219	-794.534382396342	0.883104074749571
TCGA-BH-A5J0-01	1031.70306077296	1326.02126809092	2357.72432886388	0.580809321998114
TCGA-BH-A6R8-01	-206.991169385059	354.228993937157	147.237824552098	0.810025922432319
TCGA-BH-A6R9-01	2005.68399432188	1420.41973932746	3426.10373364934	0.446541961047894
TCGA-BH-A8FY-01	-897.819328033175	-257.265800233028	-1155.0851282662	0.906687020933776
TCGA-BH-A8FZ-01	966.906852692345	1179.60597430404	2146.51282699638	0.605764156520539
TCGA-BH-A8G0-01	1278.35486513096	1241.28285795071	2519.63772308168	0.561299823405219
TCGA-BH-AB28-01	384.293289797711	400.140032879125	784.433322676836	0.751718080952192
TCGA-C8-A12L-01	-430.447709787397	-202.237665217273	-632.68537500467	0.871709410846981
TCGA-C8-A12M-01	-463.969090512834	-518.97056181577	-982.939652328604	0.895740152632536
TCGA-C8-A12N-01	965.613885142971	233.438578521241	1199.05246366421	0.710213990285458
TCGA-C8-A12O-01	1030.10311878045	364.868642381394	1394.97176116185	0.689677401605554
TCGA-C8-A12P-01	663.916908781684	102.234853566102	766.151762347785	0.753485112906421
TCGA-C8-A12Q-01	582.316806242932	316.181644852325	898.498451095257	0.740571190818145
TCGA-C8-A12U-01	-975.608565665222	254.605846358304	-721.002719306918	0.877988623850882
TCGA-C8-A12V-01	686.003613675034	2553.03527837994	3239.03889205498	0.470939782254877
TCGA-C8-A12W-01	907.350619323854	233.632758207967	1140.98337753182	0.71618879970321
TCGA-C8-A12X-01	-58.1937975388846	-209.040250010246	-267.234047549131	0.844181256370741
TCGA-C8-A12Y-01	198.035044604656	-229.28305502662	-31.2480104219646	0.825109490573178
TCGA-C8-A12Z-01	-227.216355061895	-708.544941139578	-935.761296201473	0.892639890818566
TCGA-C8-A130-01	364.180450539237	-349.508543059797	14.67190747944	0.821282569355737
TCGA-C8-A131-01	400.317316015471	158.922234673529	559.239550689	0.77310326463549
TCGA-C8-A132-01	973.787450676548	866.815512300425	1840.60296297697	0.64086915632704
TCGA-C8-A134-01	-210.605507282479	579.67803493838	369.072527655901	0.790505275843776
TCGA-C8-A135-01	503.16945004857	238.940822396706	742.110272445277	0.755800617827372
TCGA-C8-A137-01	-46.6811219518503	-1077.25956145697	-1123.94068340882	0.904749215251047
TCGA-C8-A138-01	981.993274433344	1118.93525680864	2100.92853124198	0.611074407310499
TCGA-C8-A1HE-01	-15.1398303373013	-239.987958949944	-255.127789287246	0.843227317916336
TCGA-C8-A1HF-01	725.611743097421	939.848677883565	1665.46042098099	0.660390639197439
TCGA-C8-A1HG-01	247.500821891975	883.733551593838	1131.23437348581	0.717186798762605
TCGA-C8-A1HI-01	86.6190194327476	-527.957536430374	-441.338516997627	0.85760386873461
TCGA-C8-A1HK-01	-436.900015564946	-435.776538493574	-872.67655405852	0.88842749549907
TCGA-C8-A1HL-01	598.606344394295	-147.838725449775	450.76761894452	0.783104116249434
TCGA-C8-A1HM-01	-214.445984704477	1675.86930411705	1461.42331941257	0.68258143852173
TCGA-C8-A1HN-01	-162.773036321044	-261.053916335059	-423.826952656103	0.856279003806344
TCGA-C8-A1HO-01	-242.996315752682	-752.527332590409	-995.523648343092	0.896559841605871
TCGA-C8-A26V-01	-59.5559193986046	-105.981816773537	-165.537736172142	0.83608531146235
TCGA-C8-A26W-01	511.145099164202	489.565222910815	1000.71032207502	0.730406185303064
TCGA-C8-A26X-01	1069.58703101343	1612.21501842481	2681.80204943824	0.541442310616589
TCGA-C8-A26Y-01	-844.00323823916	7.4390357792594	-836.564202459901	0.885981833539815
TCGA-C8-A26Z-01	-1.20408976490273	-844.065134403165	-845.269224168068	0.886573649671426
TCGA-C8-A273-01	443.798668520635	-372.52915619307	71.2695123275646	0.816514460604652
TCGA-C8-A274-01	-559.414334701456	-439.890712893066	-999.305047594522	0.896805554567012
TCGA-C8-A278-01	1019.50443093795	1190.85827999351	2210.36271093147	0.598280546034382
TCGA-C8-A27A-01	-552.96098987741	-882.797488474928	-1435.75847835234	0.923290859969314
TCGA-C8-A27B-01	-279.793591936355	1070.11032201865	790.316730082293	0.751148259276557
TCGA-C8-A3M7-01	683.319891217334	-29.7291708034414	653.590720413893	0.764244837980786
TCGA-C8-A3M8-01	67.5254474915847	-708.410021447837	-640.884573956252	0.872298545413661
TCGA-C8-A8HP-01	272.799603947368	1188.95577907507	1461.75538302243	0.682545815798758
TCGA-C8-A8HQ-01	887.378769811308	528.506935339658	1415.88570515097	0.687451171498036
TCGA-C8-A8HR-01	1419.00114746906	938.755422372113	2357.75656984117	0.580805469466423
TCGA-D8-A13Y-01	-1044.814409781	-1427.50384419426	-2472.31825397526	0.970841557784143
TCGA-D8-A13Z-01	477.658347635973	591.514290526312	1069.17263816229	0.723505496967535
TCGA-D8-A140-01	241.525977027507	169.746456365816	411.272433393323	0.786696306430972
TCGA-D8-A141-01	1555.57073622027	1645.28026228985	3200.85099851012	0.47587737045078
TCGA-D8-A142-01	895.521202703823	228.844395754422	1124.36559845825	0.717889068876165
TCGA-D8-A143-01	-550.581602497521	-28.8041176925145	-579.385720190036	0.86784894176246
TCGA-D8-A145-01	795.393562717575	-61.9181748605011	733.475387857074	0.756629972380311
TCGA-D8-A147-01	-242.620543575265	330.81010792794	88.1895643526746	0.815078060484819
TCGA-D8-A1J8-01	563.695961236709	960.95063727373	1524.64659851044	0.675769904892478
TCGA-D8-A1J9-01	730.465853693852	18.86349392538	749.329347619232	0.75510631550845
TCGA-D8-A1JA-01	613.704910820348	-132.591131755203	481.113779065145	0.780326166589989
TCGA-D8-A1JB-01	611.501357998304	1308.70065351874	1920.20201151705	0.631856224183568
TCGA-D8-A1JC-01	510.029395284181	170.561787752676	680.591183036857	0.761682770867407
TCGA-D8-A1JD-01	1012.45639765083	302.289858345238	1314.74625599606	0.698156708062532
TCGA-D8-A1JE-01	1345.46774326126	332.541574897146	1678.00931815841	0.659006296408079
TCGA-D8-A1JF-01	662.092954996384	9.97673521678033	672.069690213165	0.762492667262383
TCGA-D8-A1JG-01	692.977847771832	805.03123750195	1498.00908527378	0.67864689958661
TCGA-D8-A1JH-01	1154.43757060848	418.143168265953	1572.58073887443	0.670566765769249
TCGA-D8-A1JI-01	-518.502373164951	-442.322483063843	-960.824856228794	0.894292248563458
TCGA-D8-A1JJ-01	757.236771903771	-19.6298070998022	737.606964803969	0.756233298491174
TCGA-D8-A1JK-01	732.039940032358	1139.73133106482	1871.77127109718	0.637350349777069
TCGA-D8-A1JL-01	877.821492150038	1161.34344427943	2039.16493642947	0.61822573952666
TCGA-D8-A1JM-01	-1355.64982264356	-421.962084116365	-1777.61190675992	0.94139483256236
TCGA-D8-A1JN-01	-1074.65499339263	-326.883476747501	-1401.53847014013	0.921349839574614
TCGA-D8-A1JP-01	1120.68398868669	293.135571537412	1413.81956022411	0.687671395530612
TCGA-D8-A1JS-01	-1238.65836371983	-719.12614164701	-1957.78450536684	0.949985411453313
TCGA-D8-A1JT-01	-483.618757954325	-296.20750025887	-779.826258213195	0.882089072355688
TCGA-D8-A1JU-01	1769.26691975224	512.404289633578	2281.67120938582	0.589860647999966
TCGA-D8-A1X5-01	653.462041510798	305.381039748892	958.843081259691	0.734589907849787
TCGA-D8-A1X6-01	67.4558943447515	475.319654731418	542.775549076169	0.774633885880848
TCGA-D8-A1X7-01	320.403255431564	-354.366177832322	-33.9629224007585	0.82533457666546
TCGA-D8-A1X8-01	700.587140138063	350.759789868739	1051.3469300068	0.725309310773932
TCGA-D8-A1X9-01	801.225790756913	298.431885142364	1099.65767589928	0.720409191237256
TCGA-D8-A1XA-01	142.330180545476	-193.67477921663	-51.344598671154	0.826772537469857
TCGA-D8-A1XB-01	837.345179291098	-563.036698844128	274.30848044697	0.798947936007639
TCGA-D8-A1XC-01	-1053.08709378692	-751.166833774044	-1804.25392756097	0.942706748852841
TCGA-D8-A1XD-01	427.147151692497	-1162.59358997444	-735.446438281944	0.879001536100075
TCGA-D8-A1XF-01	-939.681289773873	-812.054873761339	-1751.73616353521	0.940106867044953
TCGA-D8-A1XG-01	-135.313509851366	-560.090497843676	-695.404007695042	0.876183739019712
TCGA-D8-A1XJ-01	204.388971471314	-436.801292238773	-232.41232076746	0.841430220764997
TCGA-D8-A1XK-01	-566.869098507886	370.12091430828	-196.748184199606	0.838589844603406
TCGA-D8-A1XL-01	-6.20804440641583	1043.98268225034	1037.77463784393	0.726679384916435
TCGA-D8-A1XM-01	1120.79242073631	681.567946107901	1802.36036684421	0.645168293498493
TCGA-D8-A1XO-01	1035.06978626222	229.911234409845	1264.98102067207	0.703367982862771
TCGA-D8-A1XQ-01	425.757291872711	965.314445201947	1391.07173707466	0.690091829696954
TCGA-D8-A1XR-01	18.3317152007052	-545.440103696076	-527.108388495371	0.864010914209734
TCGA-D8-A1XS-01	694.418446257411	-109.991164058933	584.427282198478	0.770752882864639
TCGA-D8-A1XT-01	1045.97919508891	386.446651102115	1432.42584619102	0.685685931184098
TCGA-D8-A1XU-01	819.589751972066	21.8909383131309	841.480690285196	0.746169337009842
TCGA-D8-A1XV-01	-760.852668519748	-865.953768823977	-1626.80643734373	0.933698012328602
TCGA-D8-A1XW-01	1032.32575678578	1053.71199025682	2086.0377470426	0.612803162340964
TCGA-D8-A1XY-01	952.873041817472	-258.663252347783	694.209789469689	0.760385962887065
TCGA-D8-A1XZ-01	495.588778719627	187.149017880349	682.737796599976	0.761478565290942
TCGA-D8-A1Y0-01	919.26622801319	755.779855097607	1675.0460831108	0.659333390166376
TCGA-D8-A1Y1-01	996.163382730042	161.616052993374	1157.77943572342	0.714465959447324
TCGA-D8-A1Y2-01	1615.94824895383	1779.55823927246	3395.5064882263	0.450556109936404
TCGA-D8-A1Y3-01	-70.4989226375729	671.65061172528	601.151689087707	0.769186429929541
TCGA-D8-A27E-01	-218.803015520726	-191.889306789292	-410.692322310019	0.855281568895062
TCGA-D8-A27F-01	336.327893888269	-312.360605916358	23.967287971911	0.820503354541919
TCGA-D8-A27G-01	948.478881132127	418.436666093867	1366.91554722599	0.692653693931831
TCGA-D8-A27H-01	521.26058943045	-180.933569796874	340.327019633576	0.793082490222804
TCGA-D8-A27I-01	1259.02966388254	658.942776695057	1917.9724405776	0.63210985660218
TCGA-D8-A27K-01	498.436375968188	311.089155850138	809.525531818325	0.749283943956945
TCGA-D8-A27L-01	1071.51391182558	391.63488368392	1463.1487955095	0.682396317281051
TCGA-D8-A27M-01	1051.44143984988	1434.5230236025	2485.96446345237	0.56538370957951
TCGA-D8-A27N-01	1076.00662555274	603.571401548853	1679.57802710159	0.658833085550893
TCGA-D8-A27P-01	53.1568452748395	-681.036828408992	-627.879983134152	0.871363543539175
TCGA-D8-A27R-01	509.467790278985	261.99235576991	771.460146048894	0.752972581493462
TCGA-D8-A27T-01	1208.42031888055	609.406064839888	1817.82638372044	0.643432083330084
TCGA-D8-A27V-01	624.16582479288	-407.356669173575	216.809155619304	0.803995376680139
TCGA-D8-A27W-01	360.592669190315	-15.2672102939381	345.325458896377	0.792635361810608
TCGA-D8-A3Z5-01	-189.147523499353	-553.515761419286	-742.663284918639	0.87950616063048
TCGA-D8-A3Z6-01	381.457805662289	-420.430827859798	-38.9730221975091	0.825749606480635
TCGA-D8-A4Z1-01	698.876687741444	-142.805319965513	556.071367775931	0.773398154606061
TCGA-D8-A73U-01	1530.27268428795	2548.93366008144	4079.20634436939	0.358843851139359
TCGA-D8-A73W-01	893.879118043658	546.321616177511	1440.20073422117	0.68485476203471
TCGA-D8-A73X-01	529.888445292841	-258.340715219471	271.54773007337	0.799191585499614
TCGA-E2-A105-01	-617.715923888872	-871.442856823625	-1489.1587807125	0.926273261632512
TCGA-E2-A107-01	-701.01226370398	-562.333141751716	-1263.3454054557	0.913275292877474
TCGA-E2-A108-01	1891.07285178837	2291.13392130427	4182.20677309264	0.344691086434104
TCGA-E2-A109-01	113.238401968814	-338.795065665179	-225.556663696365	0.840886007991693
TCGA-E2-A10A-01	63.1433838971346	-185.931477532043	-122.788093634908	0.832626327917198
TCGA-E2-A10B-01	496.663247860989	-111.291876602801	385.371371258188	0.789037727221957
TCGA-E2-A10C-01	3.83986614413912	686.507363219562	690.347229363701	0.760754077343448
TCGA-E2-A10E-01	-51.9459553251062	-216.951894857689	-268.897850182795	0.844312150951457
TCGA-E2-A10F-01	1219.73891991154	759.960420824958	1979.6993407365	0.625062989191346
TCGA-E2-A14N-01	-836.572628889647	268.014177720155	-568.558451169492	0.867058228355141
TCGA-E2-A14O-01	-330.199176181989	-410.384733124858	-740.583909306847	0.879360865369125
TCGA-E2-A14P-01	-585.055127463097	68.0604522964426	-516.994675166654	0.863262518413309
TCGA-E2-A14Q-01	32.6689432297799	-364.691925391776	-332.022982161997	0.849241055362863
TCGA-E2-A14R-01	-581.081271846832	802.854789871061	221.773518024229	0.803561845895839
TCGA-E2-A14S-01	-75.0528679316768	366.392929876378	291.340061944702	0.797441917083622
TCGA-E2-A14T-01	-220.055628700159	-190.350851785362	-410.40648048552	0.855259826900224
TCGA-E2-A14U-01	-714.20794099057	-680.804472605596	-1395.01241359617	0.920977028952277
TCGA-E2-A14V-01	-366.344391610139	-749.894151867897	-1116.23854347804	0.904267070556097
TCGA-E2-A14W-01	-624.343305400053	-1096.17467495061	-1720.51798035067	0.938534931113344
TCGA-E2-A14X-01	-50.0058391153399	651.688240619771	601.682401504431	0.769136646041034
TCGA-E2-A14Y-01	-700.567443824434	-509.469207109738	-1210.03665093417	0.910059862876747
TCGA-E2-A14Z-01	585.629093651174	1239.48128667502	1825.11038032619	0.642613234923032
TCGA-E2-A150-01	323.490398631365	523.659014714567	847.149413345932	0.745615101159907
TCGA-E2-A152-01	893.611199268067	-30.8934462040114	862.717753064056	0.744090316705529
TCGA-E2-A153-01	1432.05480566013	246.330905796446	1678.38571145657	0.658964739681839
TCGA-E2-A154-01	207.384783738367	-774.612297666347	-567.22751392798	0.866960879062773
TCGA-E2-A155-01	-622.041799559364	-1013.19173203203	-1635.23353159139	0.934140219791948
TCGA-E2-A156-01	-860.422042530907	-786.70393872589	-1647.1259812568	0.934761837923915
TCGA-E2-A158-01	-1254.69624360133	-777.14737330263	-2031.84361690396	0.953324167858194
TCGA-E2-A159-01	348.592947765262	1262.64543649029	1611.23838425555	0.666346373622235
TCGA-E2-A15A-01	470.525190445799	343.121089335557	813.646279781355	0.748883227133646
TCGA-E2-A15C-01	535.352890974134	-306.381386333018	228.971504641115	0.802932498031616
TCGA-E2-A15D-01	444.213250516604	-222.22530190339	221.987948613214	0.803543110358893
TCGA-E2-A15E-01	108.002394415465	-887.22230492697	-779.219910511505	0.882047140240077
TCGA-E2-A15F-01	-205.891118385225	-357.477278936297	-563.368397321522	0.866678423042513
TCGA-E2-A15G-01	-285.574299804074	-524.551545909868	-810.125845713943	0.884175541381714
TCGA-E2-A15H-01	-13.6775999500188	-631.359394508107	-645.036994458126	0.872596426087315
TCGA-E2-A15I-01	245.545079588096	359.627549938343	605.172629526439	0.768809126228433
TCGA-E2-A15J-01	-458.427980315869	-580.24662346439	-1038.67460378026	0.899347336118961
TCGA-E2-A15K-01	206.533082603249	673.516331223879	880.049413827128	0.742388259494064
TCGA-E2-A15L-01	422.252042958143	-545.628911293603	-123.37686833546	0.832674190176398
TCGA-E2-A15M-01	1598.47320772883	1481.76416587019	3080.23737359903	0.491373448745681
TCGA-E2-A15O-01	-653.021190623256	-533.263794844403	-1186.28498546766	0.908609274087851
TCGA-E2-A15P-01	240.721074690148	-567.717142337554	-326.996067647406	0.84885121289855
TCGA-E2-A15R-01	-571.377624354325	-1268.38228331076	-1839.75990766509	0.944432733250867
TCGA-E2-A15S-01	-939.643511396169	-1276.53598989473	-2216.1795012909	0.961144441616961
TCGA-E2-A15T-01	-765.948226435409	-998.928513598331	-1764.87674003374	0.940762635534293
TCGA-E2-A1AZ-01	859.20905223394	926.092704203595	1785.30175643754	0.647079430955915
TCGA-E2-A1B0-01	501.487439847167	238.996057886298	740.483497733465	0.755956957489613
TCGA-E2-A1B1-01	1429.37821669007	1037.62676267001	2467.00497936008	0.567677040140728
TCGA-E2-A1B4-01	-173.587648088349	-695.010665527343	-868.598313615692	0.88815255113966
TCGA-E2-A1B5-01	711.039326496688	2271.21014200743	2982.24946850412	0.50384947294863
TCGA-E2-A1B6-01	-127.588835626605	2494.36535885705	2366.77652323044	0.579727148608832
TCGA-E2-A1BC-01	836.380415476649	-668.050018043687	168.330397432963	0.808206481754039
TCGA-E2-A1BD-01	238.949322091439	-463.619297571115	-224.669975479675	0.840815559091587
TCGA-E2-A1IE-01	-526.123182436638	-1197.13061831375	-1723.25380075039	0.938673476843209
TCGA-E2-A1IF-01	774.923863948031	-117.396244880783	657.527619067248	0.763872013296181
TCGA-E2-A1IG-01	804.397692922024	-282.243528377565	522.154164544459	0.776544626418538
TCGA-E2-A1IH-01	1503.84575087645	1506.33860705388	3010.18435793033	0.500303254712616
TCGA-E2-A1II-01	-75.4043263927114	2010.83145400756	1935.42712761485	0.630122431752083
TCGA-E2-A1IJ-01	1464.57410068047	895.402048571166	2359.97614925163	0.580540216707303
TCGA-E2-A1IK-01	-402.895421438611	532.832607688823	129.937186250212	0.811512475912161
TCGA-E2-A1IL-01	528.16722999417	-629.752394640938	-101.585164646768	0.830898572421362
TCGA-E2-A1IN-01	971.795984233101	-398.869181028385	572.926803204716	0.77182735387225
TCGA-E2-A1IO-01	1277.82537887822	342.969875570403	1620.79525444862	0.665299703111746
TCGA-E2-A1IU-01	-376.565548323516	-182.967223852136	-559.532772175652	0.866397410830194
TCGA-E2-A1L6-01	292.016139719066	-125.116246278367	166.899893440699	0.808330121811918
TCGA-E2-A1L7-01	197.420072043696	794.646589119045	992.066661162741	0.731272196687666
TCGA-E2-A1L8-01	642.323567332795	-102.898104387545	539.42546294525	0.774944782191191
TCGA-E2-A1L9-01	1252.98336872733	429.458242555721	1682.44161128306	0.658516809428039
TCGA-E2-A1LA-01	477.904567476645	1207.1649101924	1685.06947766904	0.65822646539976
TCGA-E2-A1LB-01	240.215958832128	-471.473039929211	-231.257081097082	0.841338575716057
TCGA-E2-A1LE-01	1130.06598744954	929.207977342797	2059.27396479234	0.615902954984741
TCGA-E2-A1LG-01	-1158.83397900013	-287.394985571285	-1446.22896457141	0.923880112521239
TCGA-E2-A1LH-01	443.15028376956	1794.72250797518	2237.87279174474	0.595039952301263
TCGA-E2-A1LI-01	-596.547207745077	437.929197681718	-158.618010063359	0.835527648310259
TCGA-E2-A1LK-01	-1151.78487105072	-345.56377320034	-1497.34864425106	0.926725635640142
TCGA-E2-A1LL-01	-654.159952162069	-658.263544078521	-1312.42349624059	0.916186105294775
TCGA-E2-A1LS-01	-485.863428468303	-763.716114936287	-1249.57954340459	0.912450323821331
TCGA-E2-A2P5-01	220.046455325776	-298.70796165135	-78.661506325574	0.829021546044117
TCGA-E2-A2P6-01	-78.0154036725587	-66.24241990581	-144.257823578369	0.834367605801974
TCGA-E2-A3DX-01	1517.94970597194	1431.41816450728	2949.36787047922	0.508012795850546
TCGA-E2-A56Z-01	-454.270896347532	-610.98212299204	-1065.25301933957	0.901046316983603
TCGA-E2-A570-01	695.422754170116	-414.433157740444	280.989596429672	0.79835775250935
TCGA-E2-A573-01	-228.971659862699	1301.88514581639	1072.91348595369	0.72312632493839
TCGA-E2-A574-01	-1381.98407344559	-1177.47210342274	-2559.45617686832	0.973828303471909
TCGA-E2-A576-01	-223.37869229754	-378.839468974902	-602.218161272442	0.86950920264671
TCGA-E2-A9RU-01	67.5528815750019	-81.1462239439817	-13.5933423689798	0.823642594121034
TCGA-E9-A1N3-01	-677.097836913071	-1019.18838554419	-1696.28622245726	0.937301196529987
TCGA-E9-A1N4-01	869.841788151719	976.773885017592	1846.61567316931	0.640191381785185
TCGA-E9-A1N5-01	1090.07773130558	497.932961846947	1588.01069315253	0.668884804589727
TCGA-E9-A1N6-01	818.853262641924	-109.18877077974	709.664491862184	0.758910635360055
TCGA-E9-A1N8-01	-815.139580471582	-975.808216326032	-1790.94779679761	0.942053324369284
TCGA-E9-A1N9-01	221.396253539608	-351.812239529879	-130.415985990271	0.833245927409087
TCGA-E9-A1NA-01	778.522904700924	450.246581559308	1228.76948626023	0.707136376338
TCGA-E9-A1NC-01	623.398456868978	1128.27127248335	1751.66972935233	0.650835451735576
TCGA-E9-A1ND-01	509.459426033038	1744.64488585288	2254.10431188592	0.593123379688148
TCGA-E9-A1NE-01	972.680424714603	1881.1304771492	2853.8109018638	0.520044277667408
TCGA-E9-A1NF-01	1770.22733824416	286.4180442138	2056.64538245796	0.616206886632644
TCGA-E9-A1NG-01	1823.53739613247	823.390291046265	2646.92768717874	0.545739062381856
TCGA-E9-A1NH-01	1134.24613198947	144.752146637392	1278.99827862686	0.701903920313159
TCGA-E9-A1NI-01	615.012417342097	-353.91679126297	261.095626079128	0.800112844523501
TCGA-E9-A1QZ-01	674.3794161108	1216.54713191505	1890.92654802585	0.635181153980101
TCGA-E9-A1R0-01	621.168253998705	-9.20498064627901	611.963273352426	0.768171320239909
TCGA-E9-A1R2-01	231.364174041221	-135.085906360511	96.2782676807094	0.814389606381413
TCGA-E9-A1R3-01	794.058672074255	490.641461886508	1284.70013396076	0.701307527234815
TCGA-E9-A1R4-01	499.593246012592	1148.400950893	1647.99419690559	0.662313710403954
TCGA-E9-A1R5-01	512.90882461971	-606.256967220362	-93.3481426006521	0.830225193484212
TCGA-E9-A1R6-01	25.4150996334373	-573.271028635793	-547.855929002355	0.865540231356224
TCGA-E9-A1R7-01	-386.428831306241	-979.852141057823	-1366.28097236406	0.919325656509254
TCGA-E9-A1RA-01	235.066942653279	-113.543892149464	121.523050503815	0.81223356758832
TCGA-E9-A1RB-01	-135.400438125221	-422.574618587457	-557.975056712679	0.866283208358965
TCGA-E9-A1RC-01	-163.959758408363	-940.432747236279	-1104.39250564464	0.903523267102838
TCGA-E9-A1RD-01	356.927060182648	-272.905338195393	84.0217219872542	0.815432349694444
TCGA-E9-A1RE-01	-234.909734781278	-870.964534157548	-1105.87426893883	0.903616455397153
TCGA-E9-A1RF-01	842.233291765984	695.909053809327	1538.14234557531	0.674308345618887
TCGA-E9-A1RG-01	97.8067567732294	122.275506194382	220.082262967612	0.803709588754804
TCGA-E9-A1RH-01	139.395008033372	-333.194776382719	-193.799768349346	0.838353996188422
TCGA-E9-A1RI-01	1198.91889712659	-95.4303377418584	1103.48855938473	0.720019074307083
TCGA-E9-A226-01	726.476600523192	-538.021956192374	188.454644330817	0.806463346210523
TCGA-E9-A227-01	683.594491362034	692.021734734263	1375.6162260963	0.691731952603208
TCGA-E9-A228-01	-165.931683146994	-290.92567465532	-456.857357802314	0.858773235291953
TCGA-E9-A229-01	1379.60019323338	431.378332761488	1810.97852599487	0.644201231302229
TCGA-E9-A22A-01	1558.57924641347	1030.45855490219	2589.03780131566	0.552839850780569
TCGA-E9-A22B-01	817.424351480931	-62.1475644960721	755.276786984859	0.754533677062939
TCGA-E9-A22D-01	414.021824964434	2122.82839359921	2536.85021856364	0.559206992630033
TCGA-E9-A22E-01	1858.19282751798	581.7720188531	2439.96484637108	0.570940190880871
TCGA-E9-A22G-01	-1073.28268040547	-508.607535342224	-1581.89021574769	0.931316971685795
TCGA-E9-A22H-01	-208.175332608753	-44.3104194671928	-252.485752075946	0.843018778871615
TCGA-E9-A243-01	1211.29708136592	2310.48230991523	3521.77939128115	0.433932221861147
TCGA-E9-A247-01	-442.172180330749	-893.275324153635	-1335.44750448438	0.917535278384268
TCGA-E9-A248-01	231.887912690883	1468.88074806837	1700.76866075926	0.656489877173873
TCGA-E9-A249-01	-346.599434064029	-351.570828303921	-698.170262367949	0.876379375613094
TCGA-E9-A24A-01	1000.8075627654	741.617236204113	1742.42479896951	0.651865148925211
TCGA-E9-A295-01	442.161642343237	-382.092616393957	60.0690259492803	0.817462537484947
TCGA-E9-A2JS-01	60.79062594438	-504.295741360411	-443.505115416031	0.857767392405789
TCGA-E9-A2JT-01	947.580062856051	2866.29808506576	3813.87814792182	0.394915665989686
TCGA-E9-A3HO-01	-261.10244840361	226.576371854692	-34.5260765489182	0.825381249856617
TCGA-E9-A3Q9-01	220.423982803815	563.99102820084	784.415011004655	0.751719853605189
TCGA-E9-A3QA-01	168.714105767084	1741.09353612128	1909.80764188836	0.633038092867298
TCGA-E9-A3X8-01	907.026205762182	980.373096108247	1887.39930187043	0.635580966679385
TCGA-E9-A54X-01	-1962.09157900482	-1430.48589121988	-3392.5774702247	0.994281367191551
TCGA-E9-A54Y-01	-1324.75358306326	-424.33297003951	-1749.08655310277	0.939974216832801
TCGA-E9-A5FK-01	698.506236036055	1999.18153743367	2697.68777346972	0.539480374066828
TCGA-E9-A5UO-01	-1263.13303577701	-1182.68701853811	-2445.82005431512	0.969901786366776
TCGA-E9-A5UP-01	-1353.28113121094	-212.752112027955	-1566.0332432389	0.930466707980415
TCGA-E9-A6HE-01	585.137379118795	306.920106707384	892.05748582618	0.741206187281396
TCGA-EW-A1IW-01	480.787821583946	-28.6096017090883	452.178219874858	0.782975330882324
TCGA-EW-A1IX-01	1083.94434771281	26.0076783095701	1109.95202602238	0.719360352951107
TCGA-EW-A1IY-01	1024.73151851679	1063.81974969666	2088.55126821345	0.612511558672847
TCGA-EW-A1IZ-01	26.3920805127601	2030.92663781988	2057.31871833264	0.616129040445312
TCGA-EW-A1J1-01	-22.3927351156626	427.825196828729	405.432461713066	0.787225226083522
TCGA-EW-A1J2-01	1128.38606584541	470.664254709499	1599.0503205549	0.6676793101517
TCGA-EW-A1J3-01	37.1025073647801	-319.413240540312	-282.310733175531	0.845365528369504
TCGA-EW-A1J5-01	406.208822006193	1068.11296370188	1474.32178570807	0.681196541153343
TCGA-EW-A1J6-01	-263.945732092851	655.968780285637	392.023048192786	0.788437511748839
TCGA-EW-A1OV-01	821.427517286303	2246.54802996438	3067.97554725069	0.492940267707575
TCGA-EW-A1OW-01	429.688813312053	-103.666370947229	326.022442364824	0.794359726165677
TCGA-EW-A1OX-01	-1404.04716075093	-1557.73347927906	-2961.78064003	0.98554546289056
TCGA-EW-A1OY-01	-303.039585845569	-321.142970581873	-624.182556427442	0.871097126705667
TCGA-EW-A1OZ-01	484.829204471096	180.592013339073	665.421217810168	0.763123720340201
TCGA-EW-A1P0-01	46.2173893519371	-203.757411830877	-157.54002247894	0.835440695292722
TCGA-EW-A1P1-01	1590.97759498292	913.429671070562	2504.40726605349	0.563148674754785
TCGA-EW-A1P3-01	264.996489269693	-184.85915737063	80.1373318990622	0.815762269148511
TCGA-EW-A1P4-01	-17.3185959495257	948.116309993503	930.797714043977	0.737376926420536
TCGA-EW-A1P5-01	-6.8192536954755	513.245800322903	506.426546627428	0.777997137519145
TCGA-EW-A1P6-01	483.922266986014	-570.530893591947	-86.6086266059328	0.829673333260223
TCGA-EW-A1P7-01	1069.99889373723	2182.5243681972	3252.52326193444	0.469192747673655
TCGA-EW-A1P8-01	77.3475580154689	861.090373359387	938.437931374856	0.736618913538889
TCGA-EW-A1PA-01	157.4385112805	-231.654133579462	-74.2156222989625	0.828656422388515
TCGA-EW-A1PB-01	23.0039837181067	2012.08037813894	2035.08436185705	0.618696428027672
TCGA-EW-A1PC-01	-550.081297298011	-766.810406751692	-1316.8917040497	0.916448754565734
TCGA-EW-A1PD-01	768.17209198331	-462.454870499573	305.717221483738	0.796166735745499
TCGA-EW-A1PE-01	839.956572425587	962.212907715501	1802.16948014109	0.645189701624453
TCGA-EW-A1PF-01	998.34330849289	156.475878078872	1154.81918657176	0.714769919845046
TCGA-EW-A1PG-01	729.884332035373	-360.369568852756	369.514763182617	0.790465516619163
TCGA-EW-A1PH-01	-461.900236371135	-361.904560257578	-823.804796628713	0.885111763804113
TCGA-EW-A2FR-01	1550.90714826708	235.263338403587	1786.17048667066	0.646982201931226
TCGA-EW-A2FS-01	-49.7718227287631	182.802924217641	133.031101488877	0.811247015943168
TCGA-EW-A2FV-01	488.751767680523	471.970693599905	960.722461280427	0.734402698165121
TCGA-EW-A2FW-01	-46.7745348932572	-677.572304140925	-724.346839034182	0.878223492269582
TCGA-EW-A3E8-01	791.379219621608	1140.58997674202	1931.96919636363	0.630516487556241
TCGA-EW-A3U0-01	935.585964572822	2217.07463930599	3152.66060387881	0.482086893985378
TCGA-EW-A423-01	-334.571004217549	449.196404162916	114.625399945367	0.812823772299066
TCGA-EW-A424-01	306.320347622999	-768.181821186756	-461.861473563757	0.859149352603681
TCGA-EW-A6S9-01	497.569048816963	-388.78924786804	108.779800948923	0.813323304820067
TCGA-EW-A6SA-01	-989.922106751317	-1366.5912226185	-2356.51332936982	0.966626498106906
TCGA-EW-A6SB-01	-679.123903287658	1827.99810574607	1148.87420245841	0.715379947125332
TCGA-EW-A6SC-01	873.010627422865	244.423737830601	1117.43436525347	0.718596984994492
TCGA-EW-A6SD-01	252.081558742666	699.968486835299	952.050045577965	0.735266112572387
TCGA-GI-A2C8-01	1413.72000887751	772.069919348263	2185.78992822578	0.601166888543476
TCGA-GI-A2C9-01	181.89271318841	8.95718542204892	190.849898610459	0.80625540351782
TCGA-GM-A2D9-01	378.052177242517	88.1199738136965	466.172151056213	0.781695892233769
TCGA-GM-A2DB-01	-709.224123305976	405.559124956833	-303.664998349143	0.847035816964187
TCGA-GM-A2DC-01	-437.958699752246	-533.741824538236	-971.700524290482	0.895005480951909
TCGA-GM-A2DD-01	1132.17061583296	1796.31271138175	2928.48332721471	0.510650965155909
TCGA-GM-A2DF-01	430.321248036142	1203.87986713876	1634.20111517491	0.663829284360037
TCGA-GM-A2DH-01	-204.743121810109	992.182439145352	787.439317335242	0.751427013407719
TCGA-GM-A2DI-01	1286.17116414869	2171.70500527889	3457.87616942759	0.442364103130728
TCGA-GM-A2DK-01	757.444607850062	332.926129870902	1090.37073772096	0.72135397819049
TCGA-GM-A2DL-01	1077.56110184767	290.697901580034	1368.2590034277	0.692511443228214
TCGA-GM-A2DM-01	-540.184716017557	214.164900227985	-326.019815789573	0.848775449946635
TCGA-GM-A2DN-01	464.29750487233	1367.08160626758	1831.37911113991	0.641907931905212
TCGA-GM-A2DO-01	52.110613521075	2811.41887589384	2863.52948941491	0.518825254345232
TCGA-GM-A3NW-01	-177.589926989392	-246.36976341714	-423.959690406532	0.856289067581177
TCGA-GM-A3NY-01	15.4779527611336	-277.649469278398	-262.171516517265	0.843782667570854
TCGA-GM-A3XG-01	-300.455507612799	-799.326714445128	-1099.78222205793	0.903233052372668
TCGA-GM-A3XL-01	-815.174466730311	830.135145011783	14.9606782814719	0.821258385230275
TCGA-GM-A3XN-01	1148.85386035555	497.800400390213	1646.65426074577	0.662461060794569
TCGA-GM-A4E0-01	1614.34474684946	1487.49277634765	3101.8375231971	0.488609507861655
TCGA-GM-A5PV-01	-817.632205751512	-40.1862137442601	-857.818419495773	0.887424266418496
TCGA-GM-A5PX-01	864.760555557337	-53.3162667855154	811.444288771821	0.74909739100807
TCGA-HN-A2NL-01	-966.730771418682	-42.7641160246352	-1009.49488744332	0.897466308303008
TCGA-HN-A2OB-01	1225.61684169216	-222.361981672049	1003.25486002011	0.730151023081232
TCGA-JL-A3YW-01	1448.39446023132	1229.47679275253	2677.87125298385	0.541927322298432
TCGA-JL-A3YX-01	-201.290165870453	-785.720437670338	-987.010603540791	0.89600565844561
TCGA-LD-A66U-01	546.626502662038	798.859119262407	1345.48562192445	0.694919137589112
TCGA-LD-A74U-01	1077.11922271451	501.345320820471	1578.46454353498	0.669925799695455
TCGA-LD-A7W5-01	577.373415940542	1361.93099017205	1939.30440611259	0.629680395286907
TCGA-LD-A7W6-01	149.062068954949	-152.776745607698	-3.71467665274912	0.822819378383665
TCGA-LD-A9QF-01	1331.48997986601	2294.01125928146	3625.50123914747	0.420165415455955
TCGA-LL-A440-01	1628.60667610926	1157.52704222762	2786.13371833688	0.528503689465733
TCGA-LL-A441-01	290.267014340515	1741.69568898767	2031.96270332819	0.61905635707002
TCGA-LL-A442-01	-445.927857213477	208.426390736537	-237.50146647694	0.841833654080445
TCGA-LL-A50Y-01	-167.017084145435	382.509574110895	215.49248996546	0.804110287615667
TCGA-LL-A5YL-01	297.991597940141	495.352092691495	793.343690631636	0.750854872824562
TCGA-LL-A5YM-01	-31.4358448489202	-56.2348054442546	-87.6706502931748	0.829760350184328
TCGA-LL-A5YN-01	90.3240274523712	1971.44368102241	2061.76770847478	0.615614529389584
TCGA-LL-A5YO-01	535.985567586884	2522.86106798783	3058.84663557471	0.494105725367385
TCGA-LL-A5YP-01	1047.54357744837	391.870330201467	1439.41390764984	0.684938917783918
TCGA-LL-A6FP-01	-1318.13698902968	-907.755285501722	-2225.8922745314	0.96153702952771
TCGA-LL-A6FQ-01	-188.902171808851	73.5620546568713	-115.340117151979	0.832020335430983
TCGA-LL-A6FR-01	273.862186775781	-244.110215259247	29.751971516534	0.820017663855287
TCGA-LL-A73Y-01	612.322554618457	500.370409403563	1112.69296402202	0.719080815905892
TCGA-LL-A73Z-01	792.139465071259	686.66854824731	1478.80801331857	0.680714286086395
TCGA-LL-A740-01	881.850688985284	119.088280365828	1000.93896935111	0.730383261083805
TCGA-LL-A7SZ-01	376.547339084988	1541.30105640679	1917.84839549178	0.632123965784486
TCGA-LL-A7T0-01	-164.093605569075	110.691011755157	-53.4025938139174	0.826942436250862
TCGA-LL-A8F5-01	-236.977108561898	475.055149391325	238.078040829428	0.802134993990518
TCGA-LL-A9Q3-01	133.902900402173	326.433258674715	460.336159076889	0.782229867194238
TCGA-LQ-A4E4-01	-223.304787822558	-940.714675691051	-1164.01946351361	0.907239418824423
TCGA-MS-A51U-01	767.559602736018	79.64716892739	847.206771663408	0.745609490549742
TCGA-OK-A5Q2-01	584.20694076549	800.931399026669	1385.13833979216	0.690721896212366
TCGA-OL-A5D6-01	888.641595179269	87.3106016562183	975.952196835488	0.732883566229192
TCGA-OL-A5D7-01	-606.951866645166	1230.45971111517	623.507844470005	0.767085253870697
TCGA-OL-A5D8-01	-116.16649729088	-37.8152656962996	-153.981762987179	0.835153529231399
TCGA-OL-A5DA-01	-76.2641737383416	-208.147715069915	-284.411888808256	0.845530245326487
TCGA-OL-A5RU-01	223.74351015362	1054.54071570107	1278.28422585469	0.701978572969823
TCGA-OL-A5RV-01	-69.669479646065	-607.315684254332	-676.985163900397	0.874877429575019
TCGA-OL-A5RW-01	-359.113034458878	-32.2568415074349	-391.369875966313	0.85380845774828
TCGA-OL-A5RX-01	119.025221033889	-26.0337754058369	92.9914456280517	0.814669496317999
TCGA-OL-A5RY-01	1235.745576578	1898.70957059886	3134.45514717686	0.484426478067155
TCGA-OL-A5RZ-01	-665.477771987189	-809.207180647067	-1474.68495263426	0.925470514506256
TCGA-OL-A5S0-01	617.911493270578	644.826919001225	1262.7384122718	0.703601940748288
TCGA-OL-A66H-01	448.698147460361	893.354816431527	1342.05296389189	0.695281379322005
TCGA-OL-A66I-01	876.664767760229	2268.61699138577	3145.281759146	0.483035565521995
TCGA-OL-A66J-01	709.251168635733	-82.7310775087497	626.520091126983	0.766801511439688
TCGA-OL-A66K-01	509.360546139917	-454.118628872236	55.2419172676815	0.817870451935951
TCGA-OL-A66L-01	811.344839531242	770.035191441056	1581.3800309723	0.669608009040587
TCGA-OL-A66N-01	575.904412698615	436.083754419741	1011.98816711836	0.729274486375539
TCGA-OL-A66O-01	-338.661796766275	-820.110955485255	-1158.77275225153	0.906915210794805
TCGA-OL-A66P-01	960.450052189857	2410.33482533267	3370.78487752253	0.45379278138142
TCGA-OL-A6VO-01	-688.570714079001	-115.891874387078	-804.46258846608	0.883786889907856
TCGA-OL-A6VQ-01	809.342835637389	114.509396851566	923.852232488955	0.738065207371529
TCGA-OL-A6VR-01	-1048.02913276681	-872.679097631214	-1920.70823039802	0.948271730783534
TCGA-OL-A97C-01	517.340827135215	96.602631062652	613.943458197867	0.767985189142557
TCGA-PE-A5DC-01	-198.327636584963	-468.331175642532	-666.658812227495	0.87414226107402
TCGA-PE-A5DD-01	591.750657978101	284.062043877008	875.81270185511	0.742804770302476
TCGA-PE-A5DE-01	485.800796059919	2146.33955926032	2632.14035532024	0.547556648181577
TCGA-PL-A8LZ-01	1028.11545727399	1498.19781851046	2526.31327578445	0.560488581747842
TCGA-S3-A6ZF-01	131.524800258449	216.942960303569	348.467760562018	0.792354053139584
TCGA-S3-A6ZG-01	-25.501482993679	-13.7051050203818	-39.2065880140608	0.825768943859711
TCGA-S3-A6ZH-01	-651.278245080743	-339.7824905457	-991.060735626443	0.896269488941061
TCGA-S3-AA0Z-01	-289.896453909911	581.08222159482	291.185767684909	0.797455582951824
TCGA-S3-AA10-01	142.855344597718	1788.43933432612	1931.29467892383	0.630593334673816
TCGA-S3-AA11-01	-549.907592064895	-998.469390854343	-1548.37698291924	0.929514033648413
TCGA-S3-AA12-01	-559.603101866316	-747.518767798455	-1307.12186966477	0.915873954932473
TCGA-S3-AA14-01	688.984577828045	-533.772786833035	155.211790995009	0.809339001788774
TCGA-S3-AA15-01	1279.26954917019	1992.22131901294	3271.49086818312	0.466732195297282
TCGA-S3-AA17-01	438.715821124519	1874.43201142788	2313.1478325524	0.586123366169239
TCGA-UL-AAZ6-01	-923.441624940657	-484.59997426856	-1408.04159920922	0.921720499389529
TCGA-UU-A93S-01	-972.627312970868	-96.8873661653691	-1069.51467913624	0.901317461311046
TCGA-V7-A7HQ-01	98.8058667820988	-167.017385626914	-68.2115188448152	0.828162767954221
TCGA-W8-A86G-01	112.83857842842	-919.016187385155	-806.177608956735	0.883904650836857
TCGA-WT-AB41-01	90.8254575744768	1842.68328538004	1933.50874295451	0.630341065353475
TCGA-WT-AB44-01	502.593101464308	17.2068175298028	519.799918994111	0.776762314399601
TCGA-XX-A899-01	1171.25054523997	1343.83409827924	2515.0846435192	0.561852823956703
TCGA-XX-A89A-01	1743.4542719217	1175.28731233408	2918.74158425577	0.511879918022419
TCGA-Z7-A8R5-01	432.771463711053	938.120996795548	1370.8924605066	0.692232523760857
TCGA-Z7-A8R6-01	-284.253870985843	-356.939597329548	-641.193468315391	0.872320715614185
